*********************************************************
Program parameters

baseParams	(Str)	4.0 13.0 2
clusterParams	(Str)	0.1 4 2.0 4.0
desolvationParams	(Str)	500.0 1.0
ligandActiveSite	(Str)	s2.txt
ligandGrid	(Str)	0.5 6.0 6.0
ligandMs	(Str)	10.0 1.8
ligandPdb	(Str)	BASI.pdb
ligandSeg	(Str)	10.0 20.0 1.5 1 0 0 4
log-file	(Str)	patch_dock.log
log-level	(Str)	2
matchAlgorithm	(Str)	1
matchingParams	(Str)	1.5 1.5 0.4 0.5 0.9
protLib	(Str)	/mnt/NFS_UPF/soft/patchdock/chem.lib
receptorActiveSite	(Str)	s1.txt
receptorGrid	(Str)	0.5 6.0 6.0
receptorMs	(Str)	10.0 1.8
receptorPdb	(Str)	savinase.pdb
receptorSeg	(Str)	10.0 20.0 1.5 0 0 1 3
scoreParams	(Str)	0.4 -5.0 0.5 0.0 0.0 1500 -8 -4 0 1 0

*********************************************************

   # | score | pen.  | Area    | as1   | as2   | as12  | ACE     | hydroph | Energy  |cluster| dist. || Ligand Transformation
   1 | 10908 | -3.23 | 1276.80 |   487 |  2096 |   790 | -163.06 |    0.00 |    0.00 |     0 | 0.00 || -0.93298 0.50246 2.50814 152.90912 129.80519 -31.64002
   2 | 10908 | -3.69 | 1580.80 |   700 |  3538 |  1149 | -194.59 |    0.00 |    0.00 |     0 | 0.00 || 1.43083 -1.00868 -1.33577 120.94082 170.88181 24.55177
   3 | 10488 | -2.99 | 1387.30 |   476 |  3028 |   993 |  -87.95 |    0.00 |    0.00 |     0 | 0.00 || 0.39625 -1.16871 -2.04446 86.23579 190.33769 17.48986
   4 | 10324 | -2.93 | 1348.40 |   605 |  1854 |   871 | -105.87 |    0.00 |    0.00 |     0 | 0.00 || -0.93841 0.17763 2.40350 173.13603 106.17330 -13.27312
   5 |  9226 | -2.57 | 1138.30 |   403 |  1323 |   821 | -220.39 |    0.00 |    0.00 |     0 | 0.00 || 2.59471 1.23086 -0.00052 -85.06333 175.01065 -18.73217
   6 |  9222 | -2.97 | 1175.90 |   599 |  1723 |  1016 | -211.07 |    0.00 |    0.00 |     0 | 0.00 || -0.80251 0.76611 2.64522 107.80061 160.03477 -59.39981
   7 |  8970 | -4.03 | 1489.10 |   579 |  1952 |  1035 |  -66.75 |    0.00 |    0.00 |     0 | 0.00 || 0.99358 -1.22146 -1.67042 113.55587 173.87833 34.74748
   8 |  8936 | -2.69 | 1204.30 |   556 |  3366 |  1127 | -248.44 |    0.00 |    0.00 |     0 | 0.00 || 2.02526 -1.12667 -0.92753 130.48163 151.14569 76.65031
   9 |  8788 | -2.42 |  997.60 |   371 |  1792 |     0 |  -11.67 |    0.00 |    0.00 |     0 | 0.00 || -2.38161 0.08408 -1.90444 16.77572 116.11163 167.20201
  10 |  8726 | -3.70 | 1336.30 |   567 |  1675 |  1121 | -207.20 |    0.00 |    0.00 |     0 | 0.00 || -0.40640 1.00082 2.33734 74.62219 157.08737 -94.59081
  11 |  8700 | -3.03 | 1127.80 |   582 |  1653 |  1202 | -170.55 |    0.00 |    0.00 |     0 | 0.00 || -0.78707 0.52932 2.51839 138.27783 137.35272 -55.92680
  12 |  8578 | -3.15 | 1291.90 |   682 |  1685 |   973 | -202.36 |    0.00 |    0.00 |     0 | 0.00 || -1.03531 -0.06422 2.21675 189.49384 72.53053 18.35026
  13 |  8548 | -3.42 | 1321.50 |   461 |  1402 |     0 |  -50.15 |    0.00 |    0.00 |     0 | 0.00 || 2.33508 -0.16821 -1.50182 154.68042 110.14748 68.52658
  14 |  8322 | -3.05 | 1123.30 |   569 |  1281 |  1178 | -263.18 |    0.00 |    0.00 |     0 | 0.00 || -0.74601 1.30350 2.81376 36.08508 188.40456 -62.16967
  15 |  8068 | -3.56 | 1201.80 |   583 |  2606 |   882 |   -2.45 |    0.00 |    0.00 |     0 | 0.00 || -0.44496 -0.64735 -2.50864 29.25600 204.95016 -23.78439
  16 |  8012 | -3.84 | 1418.50 |   421 |  1622 |     0 |  133.35 |    0.00 |    0.00 |     0 | 0.00 || 3.00289 0.04498 -1.75485 119.46090 95.05906 132.72163
  17 |  7990 | -3.05 | 1192.10 |   480 |  2454 |  1047 | -121.36 |    0.00 |    0.00 |     0 | 0.00 || 1.76650 -0.67820 -1.18607 131.99661 162.17570 26.38391
  18 |  7986 | -2.61 |  964.00 |   346 |  1952 |    65 |   16.89 |    0.00 |    0.00 |     0 | 0.00 || 2.37390 -0.75805 -1.05081 135.16296 129.13899 92.28965
  19 |  7856 | -3.03 | 1158.00 |   735 |  2679 |  1490 | -264.22 |    0.00 |    0.00 |     0 | 0.00 || 1.19406 -1.30646 -1.39619 98.99611 181.89616 49.45901
  20 |  7786 | -3.93 | 1262.70 |   557 |  1622 |   950 | -332.24 |    0.00 |    0.00 |     0 | 0.00 || -2.15007 -0.21874 -2.92100 32.18092 111.17043 175.08022
  21 |  7670 | -3.24 | 1184.60 |   736 |  1608 |  1510 | -262.35 |    0.00 |    0.00 |     0 | 0.00 || -2.78045 -0.50469 0.01109 37.22791 48.60619 195.08469
  22 |  7646 | -4.20 | 1365.90 |   672 |   779 |   482 |   16.93 |    0.00 |    0.00 |     0 | 0.00 || 2.63600 -1.22500 -0.75589 145.22733 95.60048 108.59290
  23 |  7634 | -3.26 | 1115.90 |   585 |  2022 |   987 | -385.57 |    0.00 |    0.00 |     0 | 0.00 || -1.86000 -0.31716 1.47589 131.31180 -12.55308 153.23016
  24 |  7574 | -3.88 | 1842.10 |   444 |  2255 |  1255 | -483.57 |    0.00 |    0.00 |     0 | 0.00 || -0.94312 0.81620 2.69012 114.52249 159.11861 -42.30890
  25 |  7572 | -2.64 |  878.00 |   599 |  1757 |   978 | -186.54 |    0.00 |    0.00 |     0 | 0.00 || -2.33960 -0.73443 0.70093 92.49936 28.45677 179.73801
  26 |  7486 | -3.78 | 1298.20 |   578 |  1701 |  1242 | -327.30 |    0.00 |    0.00 |     0 | 0.00 || -1.50363 1.22348 -2.79452 48.05115 196.97250 -19.76061
  27 |  7428 | -2.57 |  965.90 |   731 |  1682 |  1270 | -222.02 |    0.00 |    0.00 |     0 | 0.00 || 2.89614 1.00717 -0.47816 -54.97712 192.27141 26.45448
  28 |  7406 | -2.77 |  916.60 |   541 |  2320 |  1159 | -218.44 |    0.00 |    0.00 |     0 | 0.00 || 1.74767 -1.08474 -0.84245 85.00150 187.37613 55.80655
  29 |  7398 | -3.11 | 1343.40 |   597 |  2307 |  1137 | -122.20 |    0.00 |    0.00 |     0 | 0.00 || 2.12622 -0.80834 -1.16245 152.61566 125.18873 76.82283
  30 |  7384 | -4.62 | 1286.70 |   661 |   796 |     0 |   73.13 |    0.00 |    0.00 |     0 | 0.00 || -2.80094 0.20594 -2.94298 117.34592 34.28447 158.58273
  31 |  7322 | -3.88 | 1032.90 |   665 |  1417 |     0 |   74.52 |    0.00 |    0.00 |     0 | 0.00 || -2.48389 0.28972 -1.72421 22.48210 139.54565 147.65576
  32 |  7214 | -2.83 |  907.60 |   428 |  1492 |   772 | -156.27 |    0.00 |    0.00 |     0 | 0.00 || 0.24280 1.37110 1.92473 5.09600 181.31718 -81.09315
  33 |  7210 | -3.04 | 1078.10 |   639 |  2036 |  1078 | -135.83 |    0.00 |    0.00 |     0 | 0.00 || -1.14192 -0.65438 1.99101 186.95432 54.47317 67.36547
  34 |  7158 | -2.68 |  877.00 |   333 |  1191 |   590 |  -92.40 |    0.00 |    0.00 |     0 | 0.00 || -0.73380 1.01028 2.89007 45.70898 183.15677 -66.29982
  35 |  7084 | -3.18 |  901.70 |   294 |  1638 |     0 |  217.86 |    0.00 |    0.00 |     0 | 0.00 || -2.85477 0.07558 -1.64105 68.52761 107.98853 161.74788
  36 |  7082 | -3.49 |  956.80 |   711 |  2142 |  1062 | -243.29 |    0.00 |    0.00 |     0 | 0.00 || -2.87852 -0.08437 -0.09950 -31.06185 68.64656 186.69962
  37 |  7058 | -3.45 | 1036.00 |   555 |  1688 |  1092 | -157.81 |    0.00 |    0.00 |     0 | 0.00 || 2.33327 1.34605 -0.00336 -40.06031 190.13000 -37.54189
  38 |  6942 | -3.41 | 1001.40 |   540 |  1269 |  1029 | -221.98 |    0.00 |    0.00 |     0 | 0.00 || -1.49432 -0.82892 1.69674 165.31926 53.33937 112.41960
  39 |  6900 | -3.54 | 1154.00 |   604 |   979 |     0 |   68.33 |    0.00 |    0.00 |     0 | 0.00 || -3.06039 -0.09116 -1.13754 59.86896 111.25851 160.65123
  40 |  6898 | -3.00 |  907.80 |   426 |  1775 |   648 | -185.68 |    0.00 |    0.00 |     0 | 0.00 || 1.69163 -1.38197 -0.67594 61.28128 189.84177 74.96854
  41 |  6878 | -3.21 | 1012.00 |   693 |  2364 |  1084 |   18.30 |    0.00 |    0.00 |     0 | 0.00 || 0.08518 -1.02993 -2.31111 79.93324 194.82724 -3.93345
  42 |  6860 | -4.16 | 1432.50 |   530 |  1549 |  1032 | -234.08 |    0.00 |    0.00 |     0 | 0.00 || -0.63997 0.61325 2.24752 142.08922 113.25734 -78.68909
  43 |  6858 | -3.45 | 1216.50 |   631 |  1609 |   475 | -132.58 |    0.00 |    0.00 |     0 | 0.00 || -0.98041 -0.75034 3.04535 86.36066 179.34195 62.36832
  44 |  6828 | -4.06 | 1736.40 |   718 |  1498 |  1463 |  -92.94 |    0.00 |    0.00 |     0 | 0.00 || -0.09917 -1.09729 -2.43819 75.56568 194.04526 15.30870
  45 |  6772 | -3.11 |  940.70 |   313 |  2988 |  1046 | -183.91 |    0.00 |    0.00 |     0 | 0.00 || 2.28873 -0.72210 -0.82526 120.44860 152.90756 90.77324
  46 |  6770 | -3.44 | 1414.40 |   743 |  1805 |  1204 |   -3.54 |    0.00 |    0.00 |     0 | 0.00 || 0.36087 -1.05183 -2.24370 110.32087 178.03473 -5.63277
  47 |  6736 | -3.70 | 1151.40 |   538 |  1262 |  1030 | -153.55 |    0.00 |    0.00 |     0 | 0.00 || -1.14106 0.25411 2.08289 194.73306 51.96902 11.83641
  48 |  6672 | -4.41 | 1543.50 |   595 |  1945 |   894 | -484.46 |    0.00 |    0.00 |     0 | 0.00 || -2.64654 0.15899 -0.19747 -73.74000 42.35375 174.95721
  49 |  6640 | -3.34 | 1278.00 |   445 |  1585 |  1004 |  -56.48 |    0.00 |    0.00 |     0 | 0.00 || 2.27635 -0.61649 -1.27190 160.38181 105.52766 88.93686
  50 |  6626 | -4.48 | 1501.50 |   605 |  1394 |   459 | -308.43 |    0.00 |    0.00 |     0 | 0.00 || -0.75379 -0.99599 -3.13947 88.93172 180.29555 54.72355
  51 |  6624 | -2.75 |  979.30 |   681 |  2419 |  1087 | -270.50 |    0.00 |    0.00 |     0 | 0.00 || -2.51683 0.20889 -1.88184 27.05417 126.61458 167.16360
  52 |  6588 | -3.44 | 1063.60 |   495 |  1412 |   877 | -249.63 |    0.00 |    0.00 |     0 | 0.00 || -1.36712 -0.15858 2.06364 184.16782 48.42427 79.52475
  53 |  6588 | -3.01 |  884.30 |   674 |  1731 |  1259 | -262.48 |    0.00 |    0.00 |     0 | 0.00 || -1.95840 -0.83905 1.21006 132.74506 39.87161 152.62775
  54 |  6584 | -2.91 |  874.00 |   504 |  2059 |   864 | -256.82 |    0.00 |    0.00 |     0 | 0.00 || -2.69346 0.29998 -0.84804 -52.42063 114.76757 160.36746
  55 |  6550 | -3.42 | 1337.20 |   495 |  1268 |     0 |   43.31 |    0.00 |    0.00 |     0 | 0.00 || -2.79205 0.82245 -0.91709 -49.28876 175.04770 67.88885
  56 |  6544 | -3.86 | 1469.20 |   518 |  1624 |  1221 | -268.12 |    0.00 |    0.00 |     0 | 0.00 || -0.91039 0.26145 2.36330 173.16879 103.20323 -25.97895
  57 |  6516 | -3.02 |  955.30 |   415 |  1162 |   718 | -201.91 |    0.00 |    0.00 |     0 | 0.00 || 2.74577 0.79235 0.06944 -114.88341 152.18712 43.46954
  58 |  6514 | -3.59 | 1048.00 |   691 |  1146 |  1273 | -215.35 |    0.00 |    0.00 |     0 | 0.00 || -2.46053 1.46224 -1.78975 25.06773 199.15811 -30.98252
  59 |  6480 | -3.12 |  845.10 |   682 |  2512 |  1169 | -208.16 |    0.00 |    0.00 |     0 | 0.00 || -2.21107 0.22863 -2.55607 61.07996 138.08362 152.10997
  60 |  6330 | -3.82 | 1584.60 |   479 |  1816 |   320 |   31.15 |    0.00 |    0.00 |     0 | 0.00 || -2.67753 0.10374 -1.82627 53.76214 109.17262 164.54926
  61 |  6306 | -2.99 | 1004.60 |   639 |  2389 |  1176 |  -92.62 |    0.00 |    0.00 |     0 | 0.00 || 2.82662 -0.80913 -0.80867 130.12027 81.57666 146.30388
  62 |  6304 | -2.75 |  826.80 |   448 |  1793 |  1059 | -222.18 |    0.00 |    0.00 |     0 | 0.00 || -2.49990 -0.51073 0.43910 47.88116 13.93158 196.47945
  63 |  6268 | -2.83 |  863.30 |   233 |  1219 |   456 | -155.04 |    0.00 |    0.00 |     0 | 0.00 || -0.39420 0.61690 2.41491 99.32428 132.12845 -106.82887
  64 |  6190 | -3.29 |  845.90 |   248 |  1166 |   690 | -258.52 |    0.00 |    0.00 |     0 | 0.00 || -1.26423 0.05677 2.28712 185.79172 79.45570 49.42731
  65 |  6164 | -3.53 | 1156.50 |   710 |  2781 |  1319 | -356.27 |    0.00 |    0.00 |     0 | 0.00 || 2.35064 -0.87413 -0.50651 88.97383 166.79207 99.98740
  66 |  6152 | -3.07 | 1105.60 |   444 |  1784 |  1123 | -298.78 |    0.00 |    0.00 |     0 | 0.00 || -1.46840 0.38767 -2.99329 77.50938 188.45032 53.72155
  67 |  6134 | -2.93 |  873.50 |   608 |  2701 |  1218 |  -47.15 |    0.00 |    0.00 |     0 | 0.00 || -0.61011 -0.88481 -2.96048 88.24915 192.76494 20.54185
  68 |  6126 | -3.48 | 1093.80 |   573 |   672 |     0 | -162.92 |    0.00 |    0.00 |     0 | 0.00 || -1.54864 0.40692 -2.75345 56.53949 183.29434 69.15960
  69 |  6110 | -3.79 | 1083.40 |   506 |  1853 |   945 | -263.96 |    0.00 |    0.00 |     0 | 0.00 || -2.83402 0.30340 -0.43552 -71.56992 99.66776 157.13972
  70 |  6110 | -2.58 |  800.50 |   414 |  1438 |   646 | -206.25 |    0.00 |    0.00 |     0 | 0.00 || 2.86201 0.50269 0.02994 -104.14370 144.66571 89.12672
  71 |  6106 | -2.73 |  768.40 |   524 |  1633 |  1075 | -142.44 |    0.00 |    0.00 |     0 | 0.00 || 3.10899 0.26113 -0.15729 -71.04999 126.83073 140.98270
  72 |  6036 | -3.36 |  900.50 |   264 |  1071 |   477 | -137.60 |    0.00 |    0.00 |     0 | 0.00 || -1.17779 1.21005 -2.57636 -37.60774 191.89143 -37.85278
  73 |  5996 | -2.77 |  780.90 |   582 |  2002 |  1229 | -136.29 |    0.00 |    0.00 |     0 | 0.00 || 2.33790 -0.27828 -0.90470 111.04340 164.84845 81.62753
  74 |  5974 | -2.76 |  862.40 |   386 |  2511 |   759 |  -59.06 |    0.00 |    0.00 |     0 | 0.00 || -0.84811 -0.49078 -2.49286 -20.72934 207.82957 12.24949
  75 |  5946 | -3.06 |  980.80 |   688 |  1652 |  1508 | -308.30 |    0.00 |    0.00 |     0 | 0.00 || -1.85582 -0.49636 1.62183 135.67128 29.59017 152.20700
  76 |  5816 | -3.32 |  903.40 |   622 |  2060 |  1220 |  -68.10 |    0.00 |    0.00 |     0 | 0.00 || -0.77338 -0.53263 -2.80605 42.16032 206.90872 7.15571
  77 |  5734 | -3.72 | 1349.00 |   493 |  1881 |   240 |   20.79 |    0.00 |    0.00 |     0 | 0.00 || -3.13232 -0.09935 -1.53179 97.73251 89.03835 158.27187
  78 |  5716 | -2.94 |  756.00 |   712 |  1497 |  1285 | -180.32 |    0.00 |    0.00 |     0 | 0.00 || 3.05812 -0.14270 -0.18433 -12.59528 124.36414 166.57481
  79 |  5670 | -3.99 | 1677.60 |   602 |  1539 |   524 | -260.48 |    0.00 |    0.00 |     0 | 0.00 || -0.23191 -1.16217 -2.85195 108.83306 171.99768 38.45000
  80 |  5644 | -2.44 |  702.20 |   603 |  1524 |   937 | -141.92 |    0.00 |    0.00 |     0 | 0.00 || -0.91996 0.28110 2.68972 139.32729 150.48210 -22.94187
  81 |  5612 | -3.58 |  889.00 |   444 |  1631 |   823 | -238.16 |    0.00 |    0.00 |     0 | 0.00 || -1.61781 -0.24553 1.69586 163.88506 0.18448 120.47964
  82 |  5454 | -2.66 |  753.70 |   398 |  1564 |   628 | -220.03 |    0.00 |    0.00 |     0 | 0.00 || -1.26147 0.26620 2.38010 184.12399 93.29410 32.09698
  83 |  5406 | -2.89 |  842.70 |   536 |  2147 |  1137 | -153.61 |    0.00 |    0.00 |     0 | 0.00 || 2.30479 -0.50274 -0.62164 79.80756 178.72690 87.11573
  84 |  5390 | -3.62 | 1430.90 |   659 |  1649 |  1487 | -323.50 |    0.00 |    0.00 |     0 | 0.00 || -1.24700 -0.08867 1.87152 192.63243 16.39244 50.86423
  85 |  5382 | -3.40 |  851.20 |   458 |  2259 |  1124 | -180.91 |    0.00 |    0.00 |     0 | 0.00 || -2.90810 -0.55021 -0.46765 62.64492 51.74062 191.02588
  86 |  5368 | -3.42 |  804.40 |   415 |  2219 |   695 |  -33.92 |    0.00 |    0.00 |     0 | 0.00 || 1.91557 -0.97705 -1.34004 166.82700 119.82698 60.66354
  87 |  5362 | -3.41 |  846.30 |   278 |  1844 |   518 | -243.49 |    0.00 |    0.00 |     0 | 0.00 || 3.02108 1.19224 -0.94088 5.86416 203.02696 10.07561
  88 |  5350 | -3.22 |  791.60 |   667 |  2434 |  1160 | -182.82 |    0.00 |    0.00 |     0 | 0.00 || -1.36150 -0.02736 -3.02651 62.38390 191.78870 68.58415
  89 |  5316 | -3.48 | 1163.60 |   520 |  1658 |  1051 | -167.13 |    0.00 |    0.00 |     0 | 0.00 || -0.27498 -0.88340 -2.42797 44.48014 204.55579 -9.80349
  90 |  5308 | -3.58 |  812.50 |   630 |  1700 |   937 |  -33.06 |    0.00 |    0.00 |     0 | 0.00 || -0.86438 -0.41354 2.35774 185.65366 90.99129 12.79060
  91 |  5298 | -4.27 | 1427.20 |   698 |  1642 |  1260 | -516.97 |    0.00 |    0.00 |     0 | 0.00 || -2.13204 -0.32520 1.22485 86.90443 -18.98982 178.66837
  92 |  5298 | -3.99 | 1250.20 |   404 |   722 |     0 |  -31.19 |    0.00 |    0.00 |     0 | 0.00 || -1.63559 -0.57481 1.56867 140.52321 32.55331 119.85620
  93 |  5294 | -3.42 |  802.70 |   428 |  2391 |   765 |  -32.86 |    0.00 |    0.00 |     0 | 0.00 || -0.11329 -0.75527 -2.61824 93.68417 184.42354 -39.57311
  94 |  5284 | -3.16 |  655.90 |   320 |  1763 |   705 | -202.45 |    0.00 |    0.00 |     0 | 0.00 || -1.76189 0.32525 2.93684 138.04153 130.57671 100.24405
  95 |  5216 | -4.04 | 1488.30 |   471 |  1221 |   426 | -120.26 |    0.00 |    0.00 |     0 | 0.00 || 0.54848 -1.31958 -2.32975 131.42218 151.66077 48.70369
  96 |  5166 | -4.06 | 1337.30 |   317 |  1828 |   209 |  -83.43 |    0.00 |    0.00 |     0 | 0.00 || 2.85602 -0.03135 -1.47246 127.16689 110.12671 122.60017
  97 |  5126 | -2.06 |  589.80 |   511 |  1964 |   725 | -136.47 |    0.00 |    0.00 |     0 | 0.00 || -1.65696 0.59747 -2.94580 93.32135 182.28073 59.83894
  98 |  5114 | -3.58 | 1051.50 |   564 |  1518 |  1161 | -140.80 |    0.00 |    0.00 |     0 | 0.00 || -0.45476 -1.23066 3.10393 135.62187 157.44452 47.46632
  99 |  5048 | -3.85 | 1144.70 |   447 |   579 |   960 | -282.36 |    0.00 |    0.00 |     0 | 0.00 || 3.06104 1.09419 -0.30552 -104.05874 163.75958 21.42500
 100 |  4982 | -3.47 |  877.00 |   750 |  2182 |  1328 | -143.74 |    0.00 |    0.00 |     0 | 0.00 || -2.87118 -0.71805 -0.11925 78.76053 56.01051 184.22136
 101 |  4958 | -3.70 | 1186.20 |   375 |  1744 |   605 | -350.35 |    0.00 |    0.00 |     0 | 0.00 || -1.25163 0.09484 1.95579 196.67880 23.15119 42.45831
 102 |  4912 | -3.62 |  778.70 |   669 |  1841 |  1276 | -198.72 |    0.00 |    0.00 |     0 | 0.00 || 1.84112 -0.81248 -0.94695 105.41512 181.12558 42.40292
 103 |  4910 | -2.82 |  719.30 |   482 |  2076 |  1000 |  -99.42 |    0.00 |    0.00 |     0 | 0.00 || 1.07900 -1.21798 -1.72001 131.49289 166.04535 31.13743
 104 |  4856 | -3.30 |  782.10 |   656 |  1543 |  1165 | -194.02 |    0.00 |    0.00 |     0 | 0.00 || 2.85283 0.20605 -0.38274 -22.59088 168.44440 120.98834
 105 |  4856 | -3.78 |  873.10 |   368 |  1131 |   543 | -225.33 |    0.00 |    0.00 |     0 | 0.00 || 2.67694 0.71220 -0.05426 -87.85913 170.76907 48.28828
 106 |  4844 | -2.87 |  793.60 |   700 |  1696 |  1317 | -269.17 |    0.00 |    0.00 |     0 | 0.00 || 1.55840 -1.43417 -0.76725 55.36459 193.14700 73.21989
 107 |  4774 | -3.84 | 1185.90 |   309 |   742 |   228 |   60.21 |    0.00 |    0.00 |     0 | 0.00 || 0.89585 -1.24279 -1.96305 126.28609 161.47885 35.22047
 108 |  4622 | -2.68 |  515.30 |   401 |  1429 |   652 |  -41.10 |    0.00 |    0.00 |     0 | 0.00 || -1.24129 1.13212 -2.81644 16.26389 201.24747 -29.61244
 109 |  4564 | -3.78 |  918.30 |   522 |   893 |   902 | -270.40 |    0.00 |    0.00 |     0 | 0.00 || -0.68155 0.92995 2.42719 111.51031 151.39792 -74.98843
 110 |  4526 | -3.23 |  686.10 |   546 |  1505 |  1160 | -149.99 |    0.00 |    0.00 |     0 | 0.00 || -2.76627 0.58759 -2.06068 102.84829 148.65007 117.68156
 111 |  4494 | -4.17 |  938.60 |   535 |  1420 |   996 | -286.37 |    0.00 |    0.00 |     0 | 0.00 || -1.63978 -0.03585 1.85850 172.33966 6.25130 109.54506
 112 |  4462 | -1.87 |  527.80 |   367 |  1871 |   712 | -189.63 |    0.00 |    0.00 |     0 | 0.00 || -1.35849 0.06024 2.71614 145.96129 140.86768 64.23087
 113 |  4430 | -4.07 | 1144.90 |   598 |  1150 |     0 | -172.51 |    0.00 |    0.00 |     0 | 0.00 || -2.87631 -0.13154 -0.11716 -27.92718 83.98631 171.89584
 114 |  4400 | -2.70 |  625.80 |   524 |  1225 |   854 | -159.44 |    0.00 |    0.00 |     0 | 0.00 || -1.15412 1.34741 2.90431 82.99283 184.19983 -45.52032
