*********************************************************
Program parameters

baseParams	(Str)	4.0 13.0 2
clusterParams	(Str)	0.1 3 2.0 4.0
desolvationParams	(Str)	500.0 1.0
ligandActiveSite	(Str)	cdrs3
ligandGrid	(Str)	0.5 6.0 6.0
ligandMs	(Str)	10.0 1.8
ligandPdb	(Str)	antibody.pdb
ligandSeg	(Str)	10.0 20.0 1.5 1 0 1 1
log-file	(Str)	patch_dock.log
log-level	(Str)	2
matchAlgorithm	(Str)	1
matchingParams	(Str)	1.5 1.5 0.4 0.5 0.9
protLib	(Str)	/mnt/NFS_UPF/soft/patchdock/chem.lib
receptorGrid	(Str)	0.5 6.0 6.0
receptorMs	(Str)	10.0 1.8
receptorPdb	(Str)	ovine.pdb
receptorSeg	(Str)	10.0 20.0 1.5 1 0 1 2
scoreParams	(Str)	0.3 -4.0 0.5 0.0 0.3 1500 -8 -4 0 1 0

*********************************************************

   # | score | pen.  | Area    | as1   | as2   | as12  | ACE     | hydroph | Energy  |cluster| dist. || Ligand Transformation
   1 | 11858 | -2.46 | 1424.20 |     0 |  1929 |     0 |    1.25 |    0.00 |    0.00 |     0 | 0.00 || 2.99261 0.20193 1.44769 -10.66473 -2.76457 4.69590
   2 | 11120 | -3.26 | 1614.30 |     0 |  2222 |     0 |   -5.98 |    0.00 |    0.00 |     0 | 0.00 || -2.55307 -0.58840 0.64806 -16.48747 1.50066 14.10314
   3 | 10830 | -2.99 | 1717.00 |     0 |  1741 |     0 |   -8.40 |    0.00 |    0.00 |     0 | 0.00 || -2.91128 -0.67685 0.36420 -18.26560 7.94387 8.93981
   4 | 10540 | -2.86 | 1239.80 |     0 |  1810 |     0 |  336.62 |    0.00 |    0.00 |     0 | 0.00 || 1.94540 -0.97197 2.84892 28.29427 -8.29108 10.58606
   5 |  9804 | -3.10 | 1346.80 |     0 |  1791 |     0 |  319.81 |    0.00 |    0.00 |     0 | 0.00 || 1.92491 -0.52356 2.98381 28.79918 -6.33588 -1.37422
   6 |  9594 | -2.93 | 1283.90 |     0 |  1821 |     0 |  244.30 |    0.00 |    0.00 |     0 | 0.00 || 1.99517 -0.66785 2.85872 29.68797 -9.58671 2.65831
   7 |  9282 | -3.12 | 1258.20 |     0 |  1862 |     0 |  357.01 |    0.00 |    0.00 |     0 | 0.00 || -0.60624 0.55566 2.55987 18.53719 -4.07753 -5.50115
   8 |  9176 | -3.56 | 1465.80 |     0 |  1782 |     0 |  -37.98 |    0.00 |    0.00 |     0 | 0.00 || 2.65296 0.21410 1.39972 -10.00092 -0.55159 -2.48800
   9 |  9132 | -2.22 | 1056.90 |     0 |  1512 |     0 |  313.90 |    0.00 |    0.00 |     0 | 0.00 || -1.74463 0.74445 -0.63371 -11.57468 27.10458 -3.83364
  10 |  9022 | -3.34 | 1513.30 |     0 |  2390 |     0 |  133.82 |    0.00 |    0.00 |     0 | 0.00 || -3.13451 -0.39318 0.15713 -17.99437 10.42735 1.83894
  11 |  8862 | -3.63 | 1458.00 |     0 |  1896 |     0 |  -69.37 |    0.00 |    0.00 |     0 | 0.00 || -2.90690 -0.44985 0.43771 -18.51966 5.43549 8.13889
  12 |  8858 | -3.07 | 1119.70 |     0 |  1832 |     0 |  377.63 |    0.00 |    0.00 |     0 | 0.00 || -1.76700 -0.15376 -1.69100 13.64391 19.74535 19.13802
  13 |  8780 | -3.01 | 1127.20 |     0 |  2055 |     0 |  207.99 |    0.00 |    0.00 |     0 | 0.00 || 3.10959 0.43536 -0.79938 -14.64548 30.79703 -17.39218
  14 |  8716 | -2.78 | 1183.60 |     0 |  1637 |     0 |  -26.64 |    0.00 |    0.00 |     0 | 0.00 || 2.82209 -0.74999 0.21743 -23.12075 4.70124 0.78771
  15 |  8714 | -3.17 | 1250.50 |     0 |  1628 |     0 |  286.68 |    0.00 |    0.00 |     0 | 0.00 || 1.27198 0.86124 -1.53940 -18.21611 3.99088 -28.75663
  16 |  8616 | -2.81 | 1140.80 |     0 |  1740 |     0 |  308.11 |    0.00 |    0.00 |     0 | 0.00 || 0.57326 1.02359 -0.85393 -23.67221 -4.75723 -23.98206
  17 |  8406 | -2.95 | 1145.40 |     0 |  1325 |     0 |  287.69 |    0.00 |    0.00 |     0 | 0.00 || -2.13538 0.76922 1.81950 -14.24766 -27.54121 -10.41179
  18 |  8362 | -2.94 | 1138.30 |     0 |  1605 |     0 |  169.56 |    0.00 |    0.00 |     0 | 0.00 || -3.06758 -0.50851 1.18204 -15.09595 -12.27263 11.52368
  19 |  8358 | -3.15 | 1283.30 |     0 |  1781 |     0 |  392.68 |    0.00 |    0.00 |     0 | 0.00 || -1.84958 -0.12345 -2.07092 19.65466 14.41823 18.16206
  20 |  8270 | -2.80 | 1059.20 |     0 |  1597 |     0 |  379.85 |    0.00 |    0.00 |     0 | 0.00 || 0.06177 0.94822 -0.63579 -31.69782 -3.16684 -17.77021
  21 |  8268 | -2.68 | 1097.10 |     0 |  1537 |     0 |   93.14 |    0.00 |    0.00 |     0 | 0.00 || 1.55263 -0.13731 0.78082 -13.98775 -21.46905 -11.64731
  22 |  8224 | -2.89 | 1080.20 |     0 |  1442 |     0 |  220.03 |    0.00 |    0.00 |     0 | 0.00 || -2.46215 -0.15405 -0.67711 -2.72052 5.79278 13.09442
  23 |  8216 | -3.14 | 1057.60 |     0 |  1763 |     0 |  238.75 |    0.00 |    0.00 |     0 | 0.00 || 0.42213 0.69816 -0.74871 -31.90602 -0.55951 -19.85491
  24 |  8180 | -3.23 | 1161.80 |     0 |  1752 |     0 |  115.35 |    0.00 |    0.00 |     0 | 0.00 || 0.86309 -0.02650 -1.33402 -2.48716 19.62820 -9.89124
  25 |  8180 | -3.28 | 1217.70 |     0 |  1434 |     0 |  314.55 |    0.00 |    0.00 |     0 | 0.00 || 2.74062 -0.12235 -0.90098 -12.00540 28.10047 -6.75043
  26 |  8164 | -3.61 | 1378.60 |     0 |  1130 |     0 |  264.12 |    0.00 |    0.00 |     0 | 0.00 || -2.45375 1.04480 1.90301 1.15749 -19.69883 -10.14271
  27 |  8102 | -3.27 | 1197.10 |     0 |  1708 |     0 |  268.12 |    0.00 |    0.00 |     0 | 0.00 || -0.87809 0.27673 2.54318 16.55674 -7.25182 3.28069
  28 |  8078 | -3.43 | 1201.40 |     0 |  1376 |     0 |  209.24 |    0.00 |    0.00 |     0 | 0.00 || -2.23864 0.86781 0.96933 -35.80927 -9.69140 -15.33045
  29 |  8074 | -2.58 |  980.30 |     0 |  1730 |     0 |  131.83 |    0.00 |    0.00 |     0 | 0.00 || -0.71846 -0.24281 -0.92781 -9.15451 13.70236 30.21230
  30 |  7900 | -3.03 | 1181.60 |     0 |  1810 |     0 |  397.69 |    0.00 |    0.00 |     0 | 0.00 || 0.88729 0.30244 0.91634 -2.46792 -38.30611 -27.42430
  31 |  7898 | -3.18 | 1142.60 |     0 |  1478 |     0 |  244.94 |    0.00 |    0.00 |     0 | 0.00 || -3.11344 0.93597 2.55259 7.34915 -17.34174 -16.40605
  32 |  7878 | -3.18 | 1129.00 |     0 |  1124 |     0 |  303.53 |    0.00 |    0.00 |     0 | 0.00 || -1.67634 0.54074 -1.24595 3.56685 28.27184 2.38938
  33 |  7870 | -2.80 |  958.50 |     0 |  1482 |     0 |  306.58 |    0.00 |    0.00 |     0 | 0.00 || -1.40743 0.25182 -1.09007 -5.17184 25.42195 11.14228
  34 |  7856 | -2.89 | 1042.80 |     0 |  1515 |     0 |  180.96 |    0.00 |    0.00 |     0 | 0.00 || 0.82405 -0.37148 -2.51902 22.56602 34.25996 2.85272
  35 |  7834 | -3.26 |  992.50 |     0 |  1350 |     0 |  126.23 |    0.00 |    0.00 |     0 | 0.00 || 2.58858 0.39359 1.32246 -13.33243 13.47371 -0.27985
  36 |  7810 | -3.10 | 1003.20 |     0 |  1481 |     0 |  201.62 |    0.00 |    0.00 |     0 | 0.00 || -1.96472 0.63532 -0.41330 -14.45925 26.79665 -4.13676
  37 |  7782 | -2.96 | 1109.30 |     0 |  1619 |     0 |  271.19 |    0.00 |    0.00 |     0 | 0.00 || -2.19123 0.96761 1.26070 -28.30631 -17.16661 -16.29727
  38 |  7756 | -3.28 | 1100.50 |     0 |  1960 |     0 |  190.95 |    0.00 |    0.00 |     0 | 0.00 || 0.14269 0.57291 -2.39299 11.70183 28.07333 -9.06364
  39 |  7746 | -2.78 | 1040.30 |     0 |  1273 |     0 |   61.41 |    0.00 |    0.00 |     0 | 0.00 || 0.07166 -0.64515 -2.60052 12.09830 37.56223 29.30720
  40 |  7728 | -2.80 |  921.30 |     0 |  1486 |     0 |  317.56 |    0.00 |    0.00 |     0 | 0.00 || -0.21544 1.13659 -0.68788 -35.50413 2.88242 -17.42555
  41 |  7712 | -3.44 | 1179.70 |     0 |  1483 |     0 |  249.07 |    0.00 |    0.00 |     0 | 0.00 || 2.24137 -1.25313 2.67328 1.94863 -14.59362 11.56114
  42 |  7644 | -3.79 | 1747.50 |     0 |  1996 |     0 | -142.44 |    0.00 |    0.00 |     0 | 0.00 || -3.12332 0.16650 1.66932 -8.61413 -9.37881 7.79531
  43 |  7642 | -2.52 |  866.10 |     0 |  1791 |     0 |  256.66 |    0.00 |    0.00 |     0 | 0.00 || 2.69187 0.63791 -0.70201 -13.24026 21.84019 -29.86404
  44 |  7626 | -2.78 |  933.70 |     0 |  1213 |     0 |   94.36 |    0.00 |    0.00 |     0 | 0.00 || -0.91184 -0.95816 -0.07007 12.23392 -0.51138 37.49216
  45 |  7600 | -3.51 | 1199.30 |     0 |  1718 |     0 |  191.68 |    0.00 |    0.00 |     0 | 0.00 || 2.97797 0.63771 2.80082 18.26395 -17.54911 -14.35355
  46 |  7580 | -2.76 |  938.20 |     0 |  1373 |     0 |  152.18 |    0.00 |    0.00 |     0 | 0.00 || -0.16450 -0.28755 2.48243 26.44750 0.34282 21.33531
  47 |  7562 | -2.51 |  946.20 |     0 |  1240 |     0 |  181.51 |    0.00 |    0.00 |     0 | 0.00 || 2.26025 -0.53398 0.46547 -33.22211 -15.53627 -11.32810
  48 |  7532 | -2.80 | 1003.50 |     0 |  1307 |     0 |    8.33 |    0.00 |    0.00 |     0 | 0.00 || 0.88689 -0.94571 -1.43675 -15.58633 20.65717 17.29665
  49 |  7528 | -3.16 | 1083.30 |     0 |  1402 |     0 |  383.08 |    0.00 |    0.00 |     0 | 0.00 || -1.43305 0.57283 -1.12664 -3.95620 28.17759 3.25261
  50 |  7500 | -3.59 | 1502.00 |     0 |  1242 |     0 |  416.39 |    0.00 |    0.00 |     0 | 0.00 || 2.22068 -0.96351 3.00118 29.26333 -9.22566 10.16255
  51 |  7492 | -2.95 |  922.20 |     0 |  1608 |     0 |   67.07 |    0.00 |    0.00 |     0 | 0.00 || 1.08973 0.00710 0.70011 -7.57515 -26.35091 -10.07466
  52 |  7466 | -3.16 | 1291.20 |     0 |   544 |     0 |   41.06 |    0.00 |    0.00 |     0 | 0.00 || 1.03583 0.12032 2.30115 34.56291 -8.01008 -15.30827
  53 |  7458 | -3.70 | 1432.70 |     0 |  1662 |     0 |   11.07 |    0.00 |    0.00 |     0 | 0.00 || -2.99145 -0.96688 0.07882 -9.33199 10.96268 8.58828
  54 |  7444 | -2.96 | 1094.10 |     0 |  1439 |     0 |  251.10 |    0.00 |    0.00 |     0 | 0.00 || 2.02358 0.90730 -0.20688 -3.52779 -5.68383 -37.72675
  55 |  7440 | -2.75 |  926.10 |     0 |  1233 |     0 |   49.48 |    0.00 |    0.00 |     0 | 0.00 || -1.60046 0.66663 -1.65894 9.59983 21.22092 -2.30999
  56 |  7436 | -2.95 | 1042.80 |     0 |  1409 |     0 |   -1.98 |    0.00 |    0.00 |     0 | 0.00 || 0.84564 -0.30028 2.67169 38.35793 14.44207 3.25960
  57 |  7434 | -3.21 |  951.70 |     0 |  1598 |     0 |  232.39 |    0.00 |    0.00 |     0 | 0.00 || -1.23567 -1.10515 -1.28084 8.28364 -1.46820 35.87665
  58 |  7430 | -3.51 | 1337.90 |     0 |  1724 |     0 |  367.23 |    0.00 |    0.00 |     0 | 0.00 || -2.02053 -0.39316 -1.90989 17.39084 11.51461 21.22491
  59 |  7410 | -2.97 | 1022.40 |     0 |  1010 |     0 |  161.66 |    0.00 |    0.00 |     0 | 0.00 || -1.67419 0.64660 -1.29228 2.57595 26.32263 -1.76705
  60 |  7402 | -3.19 | 1057.00 |     0 |  1473 |     0 |  151.16 |    0.00 |    0.00 |     0 | 0.00 || 0.20383 0.21172 -2.17383 8.00879 28.41231 -4.36771
  61 |  7390 | -2.82 |  845.90 |     0 |  1247 |     0 |  274.58 |    0.00 |    0.00 |     0 | 0.00 || 2.27544 -1.26180 3.09014 26.13777 -5.99363 19.93490
  62 |  7380 | -2.45 |  936.20 |     0 |  1240 |     0 |  299.94 |    0.00 |    0.00 |     0 | 0.00 || -2.03902 -0.06277 2.89425 25.37342 -20.29657 14.37313
  63 |  7376 | -3.20 | 1124.80 |     0 |  1639 |     0 |   76.94 |    0.00 |    0.00 |     0 | 0.00 || 0.11128 0.44612 -2.96417 18.78562 16.81100 -9.78884
  64 |  7348 | -3.28 |  920.10 |     0 |  1461 |     0 |  231.72 |    0.00 |    0.00 |     0 | 0.00 || 0.55013 -0.30957 -2.82684 30.34716 33.06749 7.05627
  65 |  7344 | -3.59 | 1133.60 |     0 |  1926 |     0 |    4.23 |    0.00 |    0.00 |     0 | 0.00 || -2.64853 -0.81218 0.72449 -17.23661 0.88585 14.01208
  66 |  7328 | -2.22 |  800.50 |     0 |  1676 |     0 |   21.48 |    0.00 |    0.00 |     0 | 0.00 || 0.95657 0.79371 1.97381 25.18314 -5.07602 -25.10473
  67 |  7290 | -2.80 | 1005.00 |     0 |  1358 |     0 |  191.10 |    0.00 |    0.00 |     0 | 0.00 || -2.31385 0.13112 2.17698 3.99376 -31.57304 4.88572
  68 |  7282 | -3.38 | 1144.10 |     0 |  1390 |     0 |  185.49 |    0.00 |    0.00 |     0 | 0.00 || -2.50403 1.06245 1.80234 -23.04378 -19.57352 -21.55282
  69 |  7276 | -3.52 | 1260.20 |     0 |  1638 |     0 |   48.48 |    0.00 |    0.00 |     0 | 0.00 || 0.63498 -0.01904 -1.17707 -6.94714 14.27787 -8.48443
  70 |  7274 | -3.80 | 1316.10 |     0 |  1675 |     0 |  197.09 |    0.00 |    0.00 |     0 | 0.00 || 2.42232 -1.05406 -1.30355 -5.46976 25.74425 8.76942
  71 |  7266 | -3.16 | 1010.40 |     0 |  1500 |     0 |   18.22 |    0.00 |    0.00 |     0 | 0.00 || 1.18916 0.50394 1.48290 21.86621 -17.87140 -25.49161
  72 |  7266 | -3.26 | 1009.10 |     0 |  1474 |     0 |   63.43 |    0.00 |    0.00 |     0 | 0.00 || -2.63404 0.79377 0.97856 -36.56683 -3.08421 -21.59518
  73 |  7208 | -2.87 |  840.00 |     0 |  1377 |     0 |   75.65 |    0.00 |    0.00 |     0 | 0.00 || -2.31169 -1.19225 0.35870 -18.23647 17.89649 23.72231
  74 |  7186 | -2.80 | 1150.80 |     0 |  1484 |     0 |   15.04 |    0.00 |    0.00 |     0 | 0.00 || 1.09834 -0.44067 -2.09428 15.30935 37.81617 0.83840
  75 |  7176 | -3.51 | 1020.40 |     0 |  1685 |     0 |  182.80 |    0.00 |    0.00 |     0 | 0.00 || -1.22567 0.21942 -0.04779 -38.67285 1.99244 10.57219
  76 |  7146 | -2.99 | 1145.10 |     0 |  1129 |     0 |  413.49 |    0.00 |    0.00 |     0 | 0.00 || -2.49481 0.45801 2.04481 -4.01314 -35.83628 -7.19717
  77 |  7126 | -3.01 | 1056.50 |     0 |  1061 |     0 |  178.90 |    0.00 |    0.00 |     0 | 0.00 || -2.49343 0.94296 0.88312 -35.17233 1.32208 -21.27953
  78 |  7126 | -3.85 | 1306.50 |     0 |  1834 |     0 |  218.52 |    0.00 |    0.00 |     0 | 0.00 || -2.54631 0.28976 -2.81487 18.65061 -10.46680 -5.27529
  79 |  7106 | -2.50 |  856.80 |     0 |  1593 |     0 |   68.49 |    0.00 |    0.00 |     0 | 0.00 || 1.23011 -0.91379 -0.86495 -23.99511 9.64105 11.87521
  80 |  7104 | -3.28 | 1089.10 |     0 |  1534 |     0 |  314.84 |    0.00 |    0.00 |     0 | 0.00 || 1.38440 0.27594 0.65816 -23.27304 -15.35274 -25.20010
  81 |  7094 | -3.07 |  973.80 |     0 |  1661 |     0 |  249.47 |    0.00 |    0.00 |     0 | 0.00 || -3.05453 0.10390 -0.82265 -15.58291 31.58165 -7.16403
  82 |  7090 | -2.35 |  825.10 |     0 |  1292 |     0 |   35.55 |    0.00 |    0.00 |     0 | 0.00 || 0.20397 0.31208 2.16109 34.29935 -9.92850 2.84999
  83 |  7090 | -3.11 |  963.50 |     0 |  1226 |     0 |   -3.91 |    0.00 |    0.00 |     0 | 0.00 || 1.49353 -0.42921 0.93182 3.57764 -29.16360 -5.82225
  84 |  7088 | -2.65 |  810.60 |     0 |  1281 |     0 |  116.08 |    0.00 |    0.00 |     0 | 0.00 || -2.02505 0.34937 -3.05791 24.12937 -25.59677 0.77325
  85 |  7076 | -3.36 | 1220.40 |     0 |  1566 |     0 |  390.50 |    0.00 |    0.00 |     0 | 0.00 || -0.52945 -0.12191 2.43118 33.65240 -8.76024 21.74157
  86 |  7070 | -3.15 | 1093.20 |     0 |  1191 |     0 |  157.03 |    0.00 |    0.00 |     0 | 0.00 || -1.53240 -1.15458 -0.65825 20.16101 4.83436 34.01315
  87 |  7060 | -2.91 | 1007.90 |     0 |  1250 |     0 |   -3.64 |    0.00 |    0.00 |     0 | 0.00 || 0.93596 -0.29716 2.42192 38.51225 7.56445 1.77383
  88 |  7058 | -2.85 |  866.20 |     0 |  1460 |     0 |  307.44 |    0.00 |    0.00 |     0 | 0.00 || 1.37521 1.00123 0.27737 -0.63998 -18.24934 -36.23350
  89 |  7052 | -2.85 |  867.80 |     0 |  1321 |     0 |  137.04 |    0.00 |    0.00 |     0 | 0.00 || -2.57916 0.75644 1.27673 -35.29438 -14.16298 -20.27121
  90 |  7052 | -3.71 | 1437.30 |     0 |  1830 |     0 |  217.28 |    0.00 |    0.00 |     0 | 0.00 || 0.89271 0.03560 -1.68590 3.40865 20.43758 -12.67625
  91 |  7050 | -2.58 |  917.00 |     0 |  1291 |     0 |  242.10 |    0.00 |    0.00 |     0 | 0.00 || -0.72091 -0.19503 1.79691 -1.75063 -13.58139 22.27222
  92 |  6998 | -3.57 | 1431.30 |     0 |  1330 |     0 |  372.33 |    0.00 |    0.00 |     0 | 0.00 || 3.04717 -0.05622 -2.45543 40.61946 2.35024 -10.41017
  93 |  6998 | -2.32 |  801.10 |     0 |  1267 |     0 |   64.96 |    0.00 |    0.00 |     0 | 0.00 || -2.22851 0.46067 -1.86013 8.92392 18.69777 -4.58917
  94 |  6988 | -2.80 |  960.30 |     0 |  1446 |     0 |  198.33 |    0.00 |    0.00 |     0 | 0.00 || -0.17984 0.33439 3.04779 30.62831 11.51682 -2.22806
  95 |  6960 | -3.13 |  967.00 |     0 |  1346 |     0 |  106.16 |    0.00 |    0.00 |     0 | 0.00 || 0.34109 -0.50940 -3.09564 27.57475 33.76954 20.66488
  96 |  6958 | -3.59 | 1560.90 |     0 |  1309 |     0 |  270.68 |    0.00 |    0.00 |     0 | 0.00 || -1.57474 0.45959 -0.34927 -33.68423 9.69309 2.18666
  97 |  6944 | -3.23 | 1155.70 |     0 |  1825 |     0 |    4.39 |    0.00 |    0.00 |     0 | 0.00 || 0.53865 0.65500 -2.75531 16.20729 22.11650 -16.50066
  98 |  6940 | -2.82 |  842.70 |     0 |  1301 |     0 |  150.25 |    0.00 |    0.00 |     0 | 0.00 || 1.40717 -1.28208 2.48247 31.60531 -2.45885 21.47446
  99 |  6934 | -3.38 |  960.60 |     0 |  1566 |     0 |  346.22 |    0.00 |    0.00 |     0 | 0.00 || -2.97810 0.89544 1.02157 -17.65636 0.80890 -23.65576
 100 |  6930 | -2.58 |  878.70 |     0 |  1195 |     0 |  178.31 |    0.00 |    0.00 |     0 | 0.00 || -0.01093 -0.29726 0.44905 1.81808 -18.45714 23.25926
 101 |  6924 | -2.56 |  842.40 |     0 |  1195 |     0 |  140.74 |    0.00 |    0.00 |     0 | 0.00 || -2.81871 0.99257 1.58570 -30.66301 -12.08633 -27.61265
 102 |  6918 | -3.30 | 1036.00 |     0 |  1075 |     0 |  229.61 |    0.00 |    0.00 |     0 | 0.00 || 2.00355 -0.30679 3.11877 30.09374 -3.27612 -4.82166
 103 |  6912 | -3.07 | 1033.10 |     0 |  1616 |     0 |  162.62 |    0.00 |    0.00 |     0 | 0.00 || 2.93840 0.12400 2.82546 27.42208 -19.91090 -6.96690
 104 |  6894 | -3.25 | 1222.20 |     0 |  1970 |     0 |  310.59 |    0.00 |    0.00 |     0 | 0.00 || 1.39148 0.52912 1.05756 -4.71403 -21.22655 -35.38121
 105 |  6870 | -3.71 | 1018.40 |     0 |  1558 |     0 |  402.78 |    0.00 |    0.00 |     0 | 0.00 || -1.60116 -0.09146 -1.42177 6.05872 21.03433 17.78939
 106 |  6870 | -3.76 | 1582.60 |     0 |  2061 |     0 |  182.62 |    0.00 |    0.00 |     0 | 0.00 || -0.05582 0.04715 -2.51236 6.26511 20.53999 -2.79806
 107 |  6868 | -2.59 |  823.60 |     0 |  1244 |     0 |  174.98 |    0.00 |    0.00 |     0 | 0.00 || 0.88053 -0.37627 -2.14605 13.50516 35.28738 2.27571
 108 |  6862 | -3.18 | 1061.00 |     0 |  1817 |     0 |   39.96 |    0.00 |    0.00 |     0 | 0.00 || 2.82065 -0.58786 0.94324 -16.70110 -9.12316 5.96990
 109 |  6852 | -3.47 | 1016.70 |     0 |  1619 |     0 |   81.16 |    0.00 |    0.00 |     0 | 0.00 || 2.84844 0.72204 2.95956 16.45130 -13.74962 -19.12215
 110 |  6846 | -3.17 |  931.10 |     0 |  1406 |     0 |  241.66 |    0.00 |    0.00 |     0 | 0.00 || -2.43251 0.86607 1.67008 -25.64401 -22.90546 -18.11043
 111 |  6842 | -2.40 |  820.60 |     0 |  1348 |     0 |  159.47 |    0.00 |    0.00 |     0 | 0.00 || 1.47312 -0.68496 -0.52943 -25.61857 8.66694 4.82077
 112 |  6842 | -3.00 |  959.50 |     0 |  1186 |     0 |  100.63 |    0.00 |    0.00 |     0 | 0.00 || 1.61672 -0.15340 1.15430 -3.60689 -27.30713 -11.53732
 113 |  6812 | -3.46 | 1001.60 |     0 |  1361 |     0 |  154.01 |    0.00 |    0.00 |     0 | 0.00 || -1.28058 -1.07452 1.38638 -12.09374 7.94750 27.34327
 114 |  6806 | -3.00 |  854.20 |     0 |  1463 |     0 |  270.10 |    0.00 |    0.00 |     0 | 0.00 || 2.86826 0.09706 -2.64971 36.25082 -0.85999 -17.91234
 115 |  6804 | -3.79 |  956.80 |     0 |  1323 |     0 |  256.74 |    0.00 |    0.00 |     0 | 0.00 || 0.66203 -0.21008 2.11488 23.36905 -11.51116 -0.92819
 116 |  6782 | -2.69 |  806.80 |     0 |  1384 |     0 |  188.03 |    0.00 |    0.00 |     0 | 0.00 || 2.09856 0.18909 -2.42560 4.73544 13.06911 -25.56713
 117 |  6768 | -2.36 |  816.10 |     0 |  1418 |     0 |  229.70 |    0.00 |    0.00 |     0 | 0.00 || -0.84650 -0.72822 -0.82592 -0.61236 3.47681 33.18503
 118 |  6744 | -2.73 |  917.10 |     0 |   977 |     0 |  176.12 |    0.00 |    0.00 |     0 | 0.00 || 1.03664 -0.08694 1.23594 2.26608 -27.09344 -9.01435
 119 |  6742 | -2.71 |  879.00 |     0 |  1345 |     0 |  190.15 |    0.00 |    0.00 |     0 | 0.00 || -2.74729 -1.28192 -1.67278 28.67164 8.37687 27.87797
 120 |  6740 | -2.70 |  875.50 |     0 |  1325 |     0 |  240.32 |    0.00 |    0.00 |     0 | 0.00 || -2.68461 1.12936 2.16413 -19.68016 -20.37887 -26.12281
 121 |  6738 | -3.37 | 1045.50 |     0 |  1216 |     0 |  135.39 |    0.00 |    0.00 |     0 | 0.00 || -0.10685 -0.61520 0.45206 6.59554 -15.13101 27.01670
 122 |  6734 | -3.63 | 1131.80 |     0 |  1478 |     0 |  213.31 |    0.00 |    0.00 |     0 | 0.00 || -2.71841 0.27065 -3.03190 16.18098 -17.85506 -9.87621
 123 |  6724 | -3.08 |  933.40 |     0 |  1150 |     0 |  252.04 |    0.00 |    0.00 |     0 | 0.00 || -2.32838 -1.25305 -2.24229 17.16946 -6.45525 31.54971
 124 |  6722 | -2.98 |  970.00 |     0 |  1138 |     0 |   32.72 |    0.00 |    0.00 |     0 | 0.00 || -0.03923 0.04773 2.35144 33.37109 -4.85999 13.13004
 125 |  6718 | -3.75 | 1111.80 |     0 |  1284 |     0 |  129.38 |    0.00 |    0.00 |     0 | 0.00 || -1.99923 0.34847 -2.43988 32.36110 -4.73424 2.95408
 126 |  6682 | -2.28 |  767.80 |     0 |  1120 |     0 |  277.02 |    0.00 |    0.00 |     0 | 0.00 || 1.36428 -0.54879 -0.48171 -45.09675 1.10031 -3.86582
 127 |  6668 | -2.86 |  967.00 |     0 |  1234 |     0 |  345.58 |    0.00 |    0.00 |     0 | 0.00 || 2.72880 1.10326 2.80248 -21.11568 -9.50140 -33.56102
 128 |  6636 | -3.37 | 1204.90 |     0 |  1348 |     0 |  188.05 |    0.00 |    0.00 |     0 | 0.00 || -1.80110 0.50345 2.09511 -0.01169 -26.12921 -0.15762
 129 |  6618 | -2.99 |  844.80 |     0 |  1514 |     0 |  174.13 |    0.00 |    0.00 |     0 | 0.00 || -1.18122 0.11876 -2.60454 28.01411 8.92170 17.20216
 130 |  6596 | -2.49 |  816.60 |     0 |  1294 |     0 |  240.99 |    0.00 |    0.00 |     0 | 0.00 || 1.61615 -0.09938 -0.69453 -33.38534 15.17444 -17.91232
 131 |  6594 | -2.87 |  877.20 |     0 |  1324 |     0 |  191.00 |    0.00 |    0.00 |     0 | 0.00 || -2.81124 -0.53501 0.15259 -38.85822 24.24062 3.18665
 132 |  6588 | -3.69 | 1151.00 |     0 |  1261 |     0 |  173.64 |    0.00 |    0.00 |     0 | 0.00 || 2.68662 -1.27838 2.85555 16.97765 -14.82370 21.75200
 133 |  6586 | -3.37 | 1171.10 |     0 |  1542 |     0 |  296.57 |    0.00 |    0.00 |     0 | 0.00 || 0.89540 -0.38326 1.75224 14.33911 -21.24505 -1.38943
 134 |  6586 | -3.44 |  985.00 |     0 |  1466 |     0 |  293.84 |    0.00 |    0.00 |     0 | 0.00 || 1.46854 -0.11655 0.00381 -32.49548 -15.05831 -17.46325
 135 |  6576 | -3.27 |  957.00 |     0 |  1466 |     0 |  154.28 |    0.00 |    0.00 |     0 | 0.00 || 1.00871 -0.82902 1.71800 1.45795 -19.11254 3.45740
 136 |  6572 | -3.03 |  983.50 |     0 |  1341 |     0 |   -9.10 |    0.00 |    0.00 |     0 | 0.00 || 0.80473 -0.20417 2.45434 41.76067 10.10660 2.69933
 137 |  6570 | -3.06 |  952.10 |     0 |  1541 |     0 |  195.61 |    0.00 |    0.00 |     0 | 0.00 || -1.05958 0.52135 0.10773 -40.40604 -4.58912 2.60389
 138 |  6560 | -2.88 |  947.40 |     0 |  1488 |     0 |   92.48 |    0.00 |    0.00 |     0 | 0.00 || 2.58128 0.41675 2.87547 21.87458 -12.83448 -22.55666
 139 |  6548 | -3.09 |  828.40 |     0 |  1363 |     0 |   59.31 |    0.00 |    0.00 |     0 | 0.00 || 2.87664 0.08679 1.53019 -14.63440 4.41693 9.87344
 140 |  6538 | -1.94 |  699.10 |     0 |   953 |     0 |  138.44 |    0.00 |    0.00 |     0 | 0.00 || 1.50132 0.22225 -1.75495 -12.95297 23.08952 -23.24049
 141 |  6538 | -2.68 |  838.60 |     0 |  1341 |     0 |   86.48 |    0.00 |    0.00 |     0 | 0.00 || 0.64503 0.04086 2.93725 42.72873 19.97202 -4.58839
 142 |  6532 | -3.57 |  911.60 |     0 |  1588 |     0 |  193.53 |    0.00 |    0.00 |     0 | 0.00 || 0.33043 0.72404 0.03594 -27.41587 -15.77872 -20.85796
 143 |  6526 | -3.17 | 1052.40 |     0 |  1463 |     0 |  -89.56 |    0.00 |    0.00 |     0 | 0.00 || 1.42397 0.81575 1.38881 18.18425 -7.71960 -29.20899
 144 |  6524 | -2.85 |  873.40 |     0 |  1373 |     0 |   58.52 |    0.00 |    0.00 |     0 | 0.00 || 0.79987 -0.34965 -3.13130 32.24693 27.34281 5.52541
 145 |  6522 | -2.92 |  927.00 |     0 |  1433 |     0 |  105.54 |    0.00 |    0.00 |     0 | 0.00 || -2.26347 0.42643 -2.32909 15.86089 9.04024 -3.18464
 146 |  6520 | -2.89 |  855.50 |     0 |  1328 |     0 |  107.95 |    0.00 |    0.00 |     0 | 0.00 || -2.21422 0.21619 -1.53016 7.40002 24.48371 0.00014
 147 |  6518 | -3.44 | 1096.30 |     0 |  1786 |     0 |  252.96 |    0.00 |    0.00 |     0 | 0.00 || -0.97211 0.83633 2.72362 19.34543 -7.74618 -8.68823
 148 |  6516 | -3.02 |  923.90 |     0 |  1146 |     0 |  156.80 |    0.00 |    0.00 |     0 | 0.00 || 1.85012 -0.54618 0.42864 -32.69668 -26.18876 -14.08312
 149 |  6508 | -3.28 | 1011.50 |     0 |  1150 |     0 |  201.80 |    0.00 |    0.00 |     0 | 0.00 || -1.60180 0.63238 -0.55253 -14.88244 25.00617 1.27854
 150 |  6502 | -2.64 |  791.90 |     0 |  1081 |     0 |  218.53 |    0.00 |    0.00 |     0 | 0.00 || 0.05302 -0.17651 -0.02082 -33.36932 -16.42929 10.65012
 151 |  6492 | -2.30 |  757.20 |     0 |  1577 |     0 |   36.89 |    0.00 |    0.00 |     0 | 0.00 || 0.86147 0.44339 1.82296 32.20024 -16.31979 -19.59878
 152 |  6492 | -2.39 |  722.40 |     0 |  1188 |     0 |   44.11 |    0.00 |    0.00 |     0 | 0.00 || 1.70643 -0.81154 0.58198 -15.84106 -25.71549 5.00983
 153 |  6484 | -2.77 |  943.80 |     0 |  1378 |     0 |   99.60 |    0.00 |    0.00 |     0 | 0.00 || -0.90502 -0.79388 3.01796 11.65183 3.96438 25.63926
 154 |  6448 | -3.00 |  914.70 |     0 |  1249 |     0 |   39.74 |    0.00 |    0.00 |     0 | 0.00 || 0.66098 -0.30336 2.73501 42.08836 18.82628 7.56532
 155 |  6440 | -2.58 |  854.80 |     0 |  1162 |     0 |  307.73 |    0.00 |    0.00 |     0 | 0.00 || -1.61774 0.64308 -1.34536 8.19270 32.15154 0.36678
 156 |  6438 | -2.67 |  861.50 |     0 |  1215 |     0 |  218.54 |    0.00 |    0.00 |     0 | 0.00 || -1.72828 0.55511 2.62850 12.75852 -18.11250 -2.74545
 157 |  6434 | -3.20 | 1172.60 |     0 |  1293 |     0 |  122.22 |    0.00 |    0.00 |     0 | 0.00 || 1.47372 -0.43393 -0.27994 -23.41744 3.67704 -3.19022
 158 |  6428 | -2.52 |  738.90 |     0 |  1241 |     0 |   31.66 |    0.00 |    0.00 |     0 | 0.00 || 1.79010 -1.12319 0.14959 -17.13048 -8.22033 14.21186
 159 |  6420 | -2.80 |  907.90 |     0 |  1560 |     0 |  244.21 |    0.00 |    0.00 |     0 | 0.00 || -0.92482 -0.21115 -0.75321 -8.33492 13.89831 31.61414
 160 |  6390 | -2.39 |  738.10 |     0 |  1244 |     0 |   51.79 |    0.00 |    0.00 |     0 | 0.00 || 1.01171 0.47358 -1.56409 -27.48505 18.84207 -22.76963
 161 |  6374 | -3.16 |  859.10 |     0 |  1201 |     0 |   56.35 |    0.00 |    0.00 |     0 | 0.00 || 1.46910 -0.67821 0.71727 -5.85885 -31.13027 1.80447
 162 |  6364 | -3.28 |  902.50 |     0 |  1443 |     0 |  262.83 |    0.00 |    0.00 |     0 | 0.00 || 0.35725 -1.09982 0.83606 -7.47460 -17.97960 15.75165
 163 |  6342 | -2.25 |  696.60 |     0 |  1119 |     0 |  232.46 |    0.00 |    0.00 |     0 | 0.00 || -1.87858 0.53825 -0.82720 -1.63582 30.84832 -0.17482
 164 |  6330 | -2.30 |  754.00 |     0 |  1395 |     0 |  135.75 |    0.00 |    0.00 |     0 | 0.00 || 1.59460 -0.89883 -1.20932 -32.13054 27.69411 4.48470
 165 |  6330 | -3.00 |  821.10 |     0 |  1601 |     0 |   30.56 |    0.00 |    0.00 |     0 | 0.00 || 1.59811 -0.40693 2.51407 31.35755 -4.32312 -2.90990
 166 |  6326 | -2.27 |  739.50 |     0 |  1485 |     0 |  128.40 |    0.00 |    0.00 |     0 | 0.00 || -2.77690 0.53087 -2.17848 21.67203 1.66914 -20.46331
 167 |  6312 | -3.37 |  969.20 |     0 |  1341 |     0 |  139.32 |    0.00 |    0.00 |     0 | 0.00 || 2.23302 0.36869 -2.56962 3.89614 5.96810 -28.75857
 168 |  6308 | -2.68 |  794.70 |     0 |  1451 |     0 |  -71.82 |    0.00 |    0.00 |     0 | 0.00 || 0.86020 -0.27356 -2.00920 8.27626 37.22741 0.25041
 169 |  6306 | -3.66 |  971.80 |     0 |  1463 |     0 |   93.39 |    0.00 |    0.00 |     0 | 0.00 || -2.23965 0.41611 1.25903 -28.74076 -30.81083 -3.53436
 170 |  6304 | -2.95 |  794.60 |     0 |  1242 |     0 |   11.10 |    0.00 |    0.00 |     0 | 0.00 || 0.67407 -0.94177 -1.43184 -24.03464 12.85647 20.13296
 171 |  6300 | -3.33 |  947.50 |     0 |  1268 |     0 |  300.21 |    0.00 |    0.00 |     0 | 0.00 || -1.53098 -0.93439 -1.08031 11.11581 4.93109 30.16812
 172 |  6296 | -3.41 |  985.70 |     0 |  1481 |     0 |   30.39 |    0.00 |    0.00 |     0 | 0.00 || 0.98993 -0.37593 -1.65362 3.16736 34.27702 -0.58586
 173 |  6292 | -2.75 |  904.90 |     0 |  1390 |     0 |  247.26 |    0.00 |    0.00 |     0 | 0.00 || -0.97587 -0.51895 1.48407 -10.44432 -7.61159 28.87656
 174 |  6288 | -3.07 |  821.30 |     0 |  1358 |     0 |   90.16 |    0.00 |    0.00 |     0 | 0.00 || -2.23173 0.37288 2.89037 14.53243 -35.21444 -4.01930
 175 |  6288 | -2.10 |  700.40 |     0 |  1057 |     0 |  107.74 |    0.00 |    0.00 |     0 | 0.00 || -0.81717 -1.32776 0.13024 22.73158 0.38207 31.84560
 176 |  6282 | -2.88 |  884.80 |     0 |  1168 |     0 |  242.52 |    0.00 |    0.00 |     0 | 0.00 || 1.54867 -0.55861 -1.87722 -2.02485 33.10666 -1.54046
 177 |  6276 | -3.88 | 1170.00 |     0 |  1629 |     0 |  -23.11 |    0.00 |    0.00 |     0 | 0.00 || 1.44248 -0.29036 1.28148 14.25137 -27.33237 -8.48501
 178 |  6260 | -2.81 |  721.60 |     0 |   975 |     0 |   73.83 |    0.00 |    0.00 |     0 | 0.00 || 1.49496 0.14112 1.64316 12.81790 -23.63005 -18.57273
 179 |  6256 | -2.82 | 1077.70 |     0 |  1330 |     0 |  135.80 |    0.00 |    0.00 |     0 | 0.00 || -0.08360 -0.61838 0.93402 -7.86649 -18.41651 7.83800
 180 |  6232 | -2.53 |  818.40 |     0 |  1113 |     0 |   49.90 |    0.00 |    0.00 |     0 | 0.00 || -2.68188 0.47071 1.76997 -28.11177 -24.31014 -17.42186
 181 |  6216 | -2.70 |  779.50 |     0 |  1165 |     0 |  -61.82 |    0.00 |    0.00 |     0 | 0.00 || -2.09656 0.38728 2.91623 13.85845 -34.76149 -1.77983
 182 |  6202 | -2.83 |  737.90 |     0 |  1089 |     0 |   94.23 |    0.00 |    0.00 |     0 | 0.00 || -2.13295 0.12472 1.50149 -17.84010 -34.16050 6.58723
 183 |  6200 | -3.48 | 1090.20 |     0 |  1463 |     0 | -155.96 |    0.00 |    0.00 |     0 | 0.00 || 2.31372 -1.18053 -0.29017 -22.76427 5.79925 3.90490
 184 |  6186 | -2.49 |  841.10 |     0 |  1130 |     0 |   17.97 |    0.00 |    0.00 |     0 | 0.00 || 0.25181 0.55406 2.03417 40.71786 -15.02911 -8.99106
 185 |  6186 | -3.74 | 1054.20 |     0 |  1413 |     0 |  155.15 |    0.00 |    0.00 |     0 | 0.00 || 3.12514 -0.40849 1.65176 -5.25011 -14.31917 11.24717
 186 |  6182 | -3.32 |  914.30 |     0 |   672 |     0 |  189.53 |    0.00 |    0.00 |     0 | 0.00 || -2.63554 -0.33738 1.09554 -23.26367 -13.79060 9.52022
 187 |  6178 | -3.12 | 1144.60 |     0 |  1008 |     0 |  209.87 |    0.00 |    0.00 |     0 | 0.00 || -0.18790 -0.40197 2.43191 22.30895 2.96564 24.59412
 188 |  6174 | -2.52 |  758.60 |     0 |  1092 |     0 |  252.70 |    0.00 |    0.00 |     0 | 0.00 || -0.80189 1.48720 0.06999 -28.74217 -5.97971 -23.82027
 189 |  6170 | -2.29 |  732.70 |     0 |  1057 |     0 |  -94.26 |    0.00 |    0.00 |     0 | 0.00 || 1.45398 -0.35302 1.08882 13.45323 -27.50224 -7.26321
 190 |  6158 | -3.03 |  914.90 |     0 |  1309 |     0 |  124.68 |    0.00 |    0.00 |     0 | 0.00 || 0.40729 -1.17022 1.49232 26.38395 -7.80405 26.62362
 191 |  6154 | -2.84 |  767.40 |     0 |  1393 |     0 |   13.79 |    0.00 |    0.00 |     0 | 0.00 || -1.46353 -0.18024 0.70198 -29.08007 -8.48449 19.02195
 192 |  6152 | -3.06 |  773.80 |     0 |  1133 |     0 |  315.20 |    0.00 |    0.00 |     0 | 0.00 || 2.15538 -1.05912 -3.00198 32.40438 2.38622 14.87176
 193 |  6148 | -2.41 |  729.60 |     0 |   956 |     0 |   80.10 |    0.00 |    0.00 |     0 | 0.00 || 0.60754 -0.31219 2.00852 42.30073 -1.23591 11.38751
 194 |  6140 | -2.76 |  759.50 |     0 |  1263 |     0 |  107.93 |    0.00 |    0.00 |     0 | 0.00 || 1.11782 -0.93310 -2.47999 -4.16608 30.79698 8.97689
 195 |  6136 | -3.11 |  873.40 |     0 |  1454 |     0 |  180.67 |    0.00 |    0.00 |     0 | 0.00 || -1.32516 -0.09195 -2.80020 28.57269 -1.24472 24.16283
 196 |  6128 | -3.28 | 1104.60 |     0 |  1366 |     0 |  -86.03 |    0.00 |    0.00 |     0 | 0.00 || 2.62008 -0.77062 0.31846 -31.11060 -2.66673 -2.98746
 197 |  6126 | -2.98 |  727.60 |     0 |  1002 |     0 |  143.53 |    0.00 |    0.00 |     0 | 0.00 || -1.99073 0.34626 -2.64817 29.31098 -13.40333 1.37041
 198 |  6126 | -3.31 |  938.50 |     0 |  1234 |     0 |  279.87 |    0.00 |    0.00 |     0 | 0.00 || 2.94293 -0.42326 -0.87957 -12.56741 28.09658 2.12902
 199 |  6124 | -3.92 | 1383.50 |     0 |  1593 |     0 |  114.58 |    0.00 |    0.00 |     0 | 0.00 || 2.74540 -0.43992 0.39980 -28.64601 -0.47785 -7.63169
 200 |  6118 | -3.51 |  880.90 |     0 |  1343 |     0 |  367.08 |    0.00 |    0.00 |     0 | 0.00 || 0.46400 0.74600 0.43095 -16.66861 -15.40458 -23.45821
 201 |  6116 | -2.37 |  740.70 |     0 |  1301 |     0 |   66.35 |    0.00 |    0.00 |     0 | 0.00 || 1.23221 -0.84849 -0.50393 -28.06664 -1.55916 11.00862
 202 |  6114 | -3.30 |  984.90 |     0 |  1694 |     0 |  174.67 |    0.00 |    0.00 |     0 | 0.00 || 0.86908 0.99309 -1.51328 -26.72660 5.60594 -25.70648
 203 |  6100 | -2.45 |  790.10 |     0 |  1291 |     0 |  -18.45 |    0.00 |    0.00 |     0 | 0.00 || -1.78368 0.91494 2.03899 -15.57857 -28.24811 -9.96434
 204 |  6096 | -3.03 |  818.70 |     0 |  1188 |     0 |   26.76 |    0.00 |    0.00 |     0 | 0.00 || 1.15141 0.03120 0.27474 -19.87087 -22.61750 -11.76925
 205 |  6096 | -3.89 | 1081.30 |     0 |  1384 |     0 |  229.12 |    0.00 |    0.00 |     0 | 0.00 || -1.76222 -0.48209 -1.09223 -15.23401 14.90536 23.13939
 206 |  6088 | -3.85 | 1633.20 |     0 |  1587 |     0 |   74.13 |    0.00 |    0.00 |     0 | 0.00 || -2.54575 -0.25438 0.43438 -18.28548 2.63910 12.28753
 207 |  6086 | -3.44 |  960.40 |     0 |  1149 |     0 |  177.54 |    0.00 |    0.00 |     0 | 0.00 || -2.69907 -0.19556 -0.65023 0.71085 7.72168 10.71462
 208 |  6074 | -3.09 |  992.00 |     0 |  1357 |     0 |  227.61 |    0.00 |    0.00 |     0 | 0.00 || -2.06807 0.69259 -0.01045 -33.69536 12.92230 -9.73883
 209 |  6072 | -3.31 |  876.70 |     0 |  1513 |     0 |   81.41 |    0.00 |    0.00 |     0 | 0.00 || -1.03595 -1.18709 1.40147 -7.55988 10.87014 24.38817
 210 |  6072 | -2.43 |  730.80 |     0 |  1026 |     0 |  177.30 |    0.00 |    0.00 |     0 | 0.00 || -0.60559 0.16581 1.78565 1.38844 -20.98369 17.23061
 211 |  6056 | -3.42 | 1045.70 |     0 |  1401 |     0 |  277.64 |    0.00 |    0.00 |     0 | 0.00 || 1.21381 1.19054 0.66646 3.60751 -9.58474 -29.19856
 212 |  6050 | -3.31 |  876.10 |     0 |  1454 |     0 |   49.42 |    0.00 |    0.00 |     0 | 0.00 || 2.38886 -0.83255 0.76897 -16.37054 -12.23892 7.37903
 213 |  6046 | -3.79 |  955.40 |     0 |  1213 |     0 |  267.78 |    0.00 |    0.00 |     0 | 0.00 || 1.05507 0.40089 1.05723 -4.38052 -22.70297 -23.21239
 214 |  6034 | -2.58 |  776.80 |     0 |  1245 |     0 |  246.55 |    0.00 |    0.00 |     0 | 0.00 || 0.70047 -0.27876 1.64065 16.98655 -24.00559 1.23447
 215 |  6032 | -3.25 |  813.50 |     0 |  1120 |     0 |  135.50 |    0.00 |    0.00 |     0 | 0.00 || -2.04672 -0.43079 -0.89113 -15.88101 19.18266 20.18044
 216 |  6026 | -2.76 |  728.20 |     0 |  1391 |     0 |  158.74 |    0.00 |    0.00 |     0 | 0.00 || -2.75947 0.63439 -2.61498 17.22601 -10.87995 -21.26432
 217 |  5980 | -3.79 | 1021.10 |     0 |  1234 |     0 |  -67.49 |    0.00 |    0.00 |     0 | 0.00 || -2.37632 0.34862 2.43779 -3.76387 -38.23993 -6.68014
 218 |  5972 | -3.30 |  917.10 |     0 |  1151 |     0 |  215.34 |    0.00 |    0.00 |     0 | 0.00 || 0.04408 0.11617 -0.38773 -41.67471 -7.59240 6.22337
 219 |  5964 | -2.71 |  754.40 |     0 |  1482 |     0 |  179.65 |    0.00 |    0.00 |     0 | 0.00 || -2.37829 0.20818 -2.44431 19.58324 2.70268 -1.31142
 220 |  5958 | -3.57 | 1001.50 |     0 |  1370 |     0 |  321.13 |    0.00 |    0.00 |     0 | 0.00 || -2.12654 0.62928 0.09147 -35.16726 7.41521 -8.46844
 221 |  5956 | -3.87 |  995.40 |     0 |  1120 |     0 |  353.10 |    0.00 |    0.00 |     0 | 0.00 || 2.98328 0.78800 2.79713 -10.24695 -16.94147 -30.25232
 222 |  5942 | -3.26 |  998.20 |     0 |   969 |     0 |  203.92 |    0.00 |    0.00 |     0 | 0.00 || -1.97759 0.21276 -2.56211 33.84774 -4.89375 7.03162
 223 |  5926 | -3.34 | 1258.40 |     0 |  1405 |     0 |  295.76 |    0.00 |    0.00 |     0 | 0.00 || 0.56433 -0.15005 2.32271 26.07190 -5.58138 -1.85071
 224 |  5924 | -3.28 | 1039.30 |     0 |  1357 |     0 |  199.27 |    0.00 |    0.00 |     0 | 0.00 || -2.38704 0.59449 1.81052 -19.23605 -27.87687 -10.75735
 225 |  5920 | -2.82 |  806.80 |     0 |  1029 |     0 |  -22.82 |    0.00 |    0.00 |     0 | 0.00 || 1.23819 -0.86305 0.03990 -20.34800 -19.71864 10.47753
 226 |  5920 | -3.25 |  900.40 |     0 |  1311 |     0 |  120.58 |    0.00 |    0.00 |     0 | 0.00 || 0.91709 -0.04515 0.48945 -15.34758 -26.11729 -6.39359
 227 |  5918 | -2.37 |  687.30 |     0 |  1046 |     0 |  206.24 |    0.00 |    0.00 |     0 | 0.00 || -0.07368 -0.47752 0.00818 -26.23612 -15.66250 19.99949
 228 |  5918 | -3.59 |  968.20 |     0 |  1106 |     0 |  340.95 |    0.00 |    0.00 |     0 | 0.00 || -2.47535 1.09730 0.19420 -15.10371 10.55582 -19.22139
 229 |  5894 | -2.88 |  711.50 |     0 |  1095 |     0 |  315.02 |    0.00 |    0.00 |     0 | 0.00 || -1.81924 0.65853 -0.09321 -22.75972 20.89606 -3.22601
 230 |  5884 | -3.50 | 1165.60 |     0 |  1568 |     0 |  301.62 |    0.00 |    0.00 |     0 | 0.00 || 2.39727 -0.76178 3.09683 30.43562 -10.20085 9.50830
 231 |  5870 | -2.99 |  755.70 |     0 |  1010 |     0 |  306.89 |    0.00 |    0.00 |     0 | 0.00 || 1.59660 -0.40722 -0.08337 -41.54990 -10.58595 -12.28748
 232 |  5860 | -3.55 |  958.20 |     0 |  1594 |     0 |   55.94 |    0.00 |    0.00 |     0 | 0.00 || 1.47905 -0.69851 -1.19366 -32.47508 26.36018 -0.84213
 233 |  5854 | -3.05 | 1002.90 |     0 |  1218 |     0 |   78.46 |    0.00 |    0.00 |     0 | 0.00 || 1.60509 -0.17752 -1.20788 -25.41782 23.89067 -17.00174
 234 |  5850 | -2.58 |  722.10 |     0 |  1459 |     0 |  153.06 |    0.00 |    0.00 |     0 | 0.00 || 1.34896 1.01129 -1.25262 -23.31700 -2.35676 -32.65713
 235 |  5842 | -3.73 | 1186.30 |     0 |  1450 |     0 |  256.26 |    0.00 |    0.00 |     0 | 0.00 || 0.94755 -0.20597 -2.89855 30.32978 25.47849 -3.55294
 236 |  5842 | -2.82 |  826.20 |     0 |  1308 |     0 |  192.24 |    0.00 |    0.00 |     0 | 0.00 || 1.43899 -1.43889 2.01101 -0.07817 -12.33146 16.61166
 237 |  5838 | -3.55 |  930.50 |     0 |  1351 |     0 |  221.84 |    0.00 |    0.00 |     0 | 0.00 || 2.48172 -0.50067 0.42839 -29.58800 -8.74185 -10.13562
 238 |  5836 | -3.44 | 1021.30 |     0 |  1635 |     0 |  281.21 |    0.00 |    0.00 |     0 | 0.00 || -2.50752 -0.13914 -2.05809 34.63255 12.48899 8.47362
 239 |  5834 | -3.45 |  836.80 |     0 |  1186 |     0 |  251.83 |    0.00 |    0.00 |     0 | 0.00 || -2.43616 0.65630 2.21963 -9.24843 -30.43678 -13.98136
 240 |  5820 | -3.05 |  744.60 |     0 |  1473 |     0 |  222.32 |    0.00 |    0.00 |     0 | 0.00 || -1.51321 0.68365 -1.30654 5.63198 35.13262 -0.06088
 241 |  5818 | -2.84 |  779.60 |     0 |  1077 |     0 |  -19.43 |    0.00 |    0.00 |     0 | 0.00 || 0.44659 -0.51978 2.34495 42.97158 11.79326 18.78414
 242 |  5800 | -2.88 |  701.10 |     0 |  1074 |     0 |   53.98 |    0.00 |    0.00 |     0 | 0.00 || -1.93870 0.58310 -2.00964 28.98244 9.88647 -3.29399
 243 |  5792 | -2.97 |  923.00 |     0 |  1106 |     0 |  379.19 |    0.00 |    0.00 |     0 | 0.00 || 3.00774 0.57648 3.07002 0.88279 -19.48889 -29.99310
 244 |  5792 | -3.44 | 1070.70 |     0 |  1444 |     0 |  148.55 |    0.00 |    0.00 |     0 | 0.00 || 1.36361 -0.38699 0.06341 -23.30284 -8.41238 -3.83348
 245 |  5788 | -3.65 | 1180.50 |     0 |  1084 |     0 |   13.42 |    0.00 |    0.00 |     0 | 0.00 || 3.12731 -0.94487 1.13402 -14.39130 -7.85065 15.30749
 246 |  5782 | -2.90 |  830.60 |     0 |  1235 |     0 |   95.18 |    0.00 |    0.00 |     0 | 0.00 || 2.14754 0.33511 1.27986 -2.42373 -15.21968 -22.45458
 247 |  5778 | -3.62 | 1017.30 |     0 |  1274 |     0 |  199.73 |    0.00 |    0.00 |     0 | 0.00 || 2.95330 0.83595 -0.97673 -5.86629 23.13073 -24.37383
 248 |  5774 | -3.98 | 1218.90 |     0 |  1684 |     0 |  143.18 |    0.00 |    0.00 |     0 | 0.00 || -2.44564 -0.18439 0.72446 -19.31750 -4.61295 11.15178
 249 |  5770 | -2.99 |  860.70 |     0 |  1132 |     0 |   17.22 |    0.00 |    0.00 |     0 | 0.00 || 0.74009 -0.61788 -2.27802 -1.52185 34.51929 13.36318
 250 |  5768 | -3.54 |  905.80 |     0 |  1374 |     0 |  198.95 |    0.00 |    0.00 |     0 | 0.00 || 1.83255 -0.88167 -1.53307 -13.32146 30.62184 3.60984
 251 |  5766 | -2.46 |  688.60 |     0 |  1429 |     0 |  104.85 |    0.00 |    0.00 |     0 | 0.00 || -1.67865 0.34437 0.07157 -43.03027 13.33072 6.61616
 252 |  5752 | -3.71 |  914.10 |     0 |  1464 |     0 |   11.29 |    0.00 |    0.00 |     0 | 0.00 || 0.82026 -0.68206 -1.92460 6.01958 38.57889 12.69201
 253 |  5750 | -3.26 |  802.30 |     0 |  1140 |     0 |   51.08 |    0.00 |    0.00 |     0 | 0.00 || 2.82066 0.57209 1.42905 -15.02160 10.85697 6.19832
 254 |  5748 | -3.60 |  942.40 |     0 |  1329 |     0 |  225.74 |    0.00 |    0.00 |     0 | 0.00 || 2.60359 0.96257 -0.72003 -4.88149 13.33879 -33.50487
 255 |  5742 | -2.95 |  772.00 |     0 |   966 |     0 |  203.25 |    0.00 |    0.00 |     0 | 0.00 || 0.24649 -1.29470 0.83280 0.84181 -12.43052 20.26917
 256 |  5736 | -2.98 |  725.00 |     0 |  1315 |     0 |  298.24 |    0.00 |    0.00 |     0 | 0.00 || 0.20302 -0.87526 0.71256 -10.77290 -20.29438 16.40586
 257 |  5732 | -3.70 | 1713.00 |     0 |  1831 |     0 |   62.12 |    0.00 |    0.00 |     0 | 0.00 || 3.03646 0.15697 1.21793 -13.13347 0.98479 4.20657
 258 |  5724 | -3.11 |  820.10 |     0 |  1054 |     0 |  284.95 |    0.00 |    0.00 |     0 | 0.00 || -1.85712 -0.09517 -1.43876 15.48946 24.50830 17.16403
 259 |  5718 | -2.56 |  673.60 |     0 |   891 |     0 |  185.56 |    0.00 |    0.00 |     0 | 0.00 || -2.05310 0.57742 -2.02099 33.76952 11.06760 -4.42207
 260 |  5718 | -3.00 |  772.20 |     0 |  1417 |     0 |  143.06 |    0.00 |    0.00 |     0 | 0.00 || -1.52169 0.10683 0.08698 -39.91071 3.68470 12.86908
 261 |  5716 | -2.80 |  825.10 |     0 |  1203 |     0 |   72.36 |    0.00 |    0.00 |     0 | 0.00 || 2.62510 0.40977 -3.07477 27.09293 -9.05949 -23.44313
 262 |  5696 | -3.56 |  892.30 |     0 |  1136 |     0 |   -5.97 |    0.00 |    0.00 |     0 | 0.00 || 1.27647 0.43846 1.12926 17.93085 -24.96952 -27.64268
 263 |  5690 | -2.80 |  738.50 |     0 |  1346 |     0 |   88.54 |    0.00 |    0.00 |     0 | 0.00 || -1.46810 0.26619 0.56410 -37.99954 -9.37016 8.43332
 264 |  5680 | -2.15 |  690.70 |     0 |  1086 |     0 |  157.76 |    0.00 |    0.00 |     0 | 0.00 || -1.69510 -0.41326 -0.50632 -24.02477 14.79991 22.22363
 265 |  5642 | -2.32 |  639.20 |     0 |  1139 |     0 |  128.52 |    0.00 |    0.00 |     0 | 0.00 || -2.56718 0.31597 -1.67443 16.23761 18.63052 -12.05696
 266 |  5632 | -3.26 |  813.50 |     0 |  1026 |     0 |  197.79 |    0.00 |    0.00 |     0 | 0.00 || -1.65445 0.63743 -1.63787 16.41772 27.01549 -0.62664
 267 |  5616 | -3.40 | 1064.50 |     0 |  1668 |     0 |  270.89 |    0.00 |    0.00 |     0 | 0.00 || -0.52044 0.32809 2.85600 15.11545 4.14521 -2.17901
 268 |  5614 | -3.51 | 1211.20 |     0 |  1471 |     0 |  266.43 |    0.00 |    0.00 |     0 | 0.00 || 2.62408 -0.96301 3.04140 25.65336 -13.14587 16.02828
 269 |  5612 | -2.79 |  678.80 |     0 |  1293 |     0 |  181.37 |    0.00 |    0.00 |     0 | 0.00 || -1.21857 0.86335 -0.03707 -45.55710 8.17139 -5.68640
 270 |  5606 | -2.76 |  900.70 |     0 |  1030 |     0 |   35.10 |    0.00 |    0.00 |     0 | 0.00 || 0.75282 -0.54194 2.89380 35.24432 21.60772 10.80093
 271 |  5606 | -2.35 |  676.10 |     0 |  1072 |     0 |  134.20 |    0.00 |    0.00 |     0 | 0.00 || 2.20072 -0.48274 2.84546 26.90026 -10.76346 2.46858
 272 |  5604 | -3.44 |  961.40 |     0 |  1320 |     0 |   93.69 |    0.00 |    0.00 |     0 | 0.00 || -0.97366 0.27344 -2.40502 20.91234 16.68037 11.74159
 273 |  5596 | -2.58 |  744.50 |     0 |  1222 |     0 |   72.65 |    0.00 |    0.00 |     0 | 0.00 || 0.87032 0.80596 -1.46718 -30.40545 10.47191 -25.39296
 274 |  5592 | -2.70 |  683.80 |     0 |  1114 |     0 |   94.03 |    0.00 |    0.00 |     0 | 0.00 || 0.69383 -0.22988 -3.05633 31.89270 29.65386 5.39198
 275 |  5590 | -3.25 | 1210.80 |     0 |  1500 |     0 |  -48.77 |    0.00 |    0.00 |     0 | 0.00 || 1.80644 -0.94866 0.05399 -16.44094 -0.78328 7.97067
 276 |  5576 | -2.95 |  781.10 |     0 |  1180 |     0 |  194.09 |    0.00 |    0.00 |     0 | 0.00 || 1.61478 -0.04877 -1.45674 -15.49763 24.74766 -17.17949
 277 |  5574 | -2.86 |  848.00 |     0 |  1189 |     0 |  228.37 |    0.00 |    0.00 |     0 | 0.00 || -3.08941 -0.18429 -0.06130 -36.54554 25.91154 -10.58279
 278 |  5572 | -3.95 | 1232.20 |     0 |  1568 |     0 |  251.35 |    0.00 |    0.00 |     0 | 0.00 || 1.66256 0.88721 -0.20778 29.81158 14.79524 -11.44106
 279 |  5572 | -3.59 | 1038.00 |     0 |  1440 |     0 |  -36.85 |    0.00 |    0.00 |     0 | 0.00 || 1.36422 0.41974 2.48816 28.19413 1.29617 -22.38115
 280 |  5564 | -2.66 |  704.10 |     0 |  1370 |     0 |  134.62 |    0.00 |    0.00 |     0 | 0.00 || 0.55932 1.09429 -0.38134 -23.81755 -10.99081 -26.12671
 281 |  5558 | -2.59 |  687.10 |     0 |  1124 |     0 |  -39.86 |    0.00 |    0.00 |     0 | 0.00 || 0.41171 -0.37830 2.80883 37.93650 25.51650 17.11658
 282 |  5554 | -2.30 |  671.90 |     0 |  1340 |     0 |  276.93 |    0.00 |    0.00 |     0 | 0.00 || -1.37734 -0.92336 -0.86839 13.69213 6.14806 37.21651
 283 |  5548 | -3.62 |  954.80 |     0 |  1323 |     0 |  184.53 |    0.00 |    0.00 |     0 | 0.00 || 1.60085 -0.56059 -1.76578 -10.42620 32.34373 -5.05527
 284 |  5546 | -3.49 | 1144.80 |     0 |  1253 |     0 |  -77.93 |    0.00 |    0.00 |     0 | 0.00 || -2.25524 -1.00862 1.22101 -15.52416 -1.94381 17.98248
 285 |  5522 | -3.59 |  837.20 |     0 |  1128 |     0 |  325.77 |    0.00 |    0.00 |     0 | 0.00 || -1.28072 -0.71668 -0.70179 5.04406 9.00049 34.13693
 286 |  5514 | -2.89 |  787.80 |     0 |  1676 |     0 |  146.73 |    0.00 |    0.00 |     0 | 0.00 || 1.50125 -0.27275 0.40940 -20.03400 -17.12739 -7.57372
 287 |  5514 | -2.42 |  661.30 |     0 |  1081 |     0 |  144.98 |    0.00 |    0.00 |     0 | 0.00 || 0.79775 0.72544 -0.91026 -26.56073 2.31960 -24.03042
 288 |  5508 | -2.46 |  631.50 |     0 |  1268 |     0 |   17.31 |    0.00 |    0.00 |     0 | 0.00 || -1.66546 0.74435 1.57452 -28.41640 -26.33160 -4.24156
 289 |  5502 | -2.35 |  649.50 |     0 |  1004 |     0 |  158.59 |    0.00 |    0.00 |     0 | 0.00 || -0.78737 -0.74083 0.12327 8.97340 -0.51696 40.10492
 290 |  5496 | -3.29 |  820.70 |     0 |  1421 |     0 |   80.16 |    0.00 |    0.00 |     0 | 0.00 || -2.39456 0.28031 -1.46843 8.39452 21.69011 -6.05781
 291 |  5492 | -2.74 |  767.10 |     0 |  1359 |     0 |   83.97 |    0.00 |    0.00 |     0 | 0.00 || 3.00892 0.54165 -0.98967 -8.73992 28.78237 -21.88247
 292 |  5476 | -2.94 |  818.10 |     0 |  1647 |     0 |   60.97 |    0.00 |    0.00 |     0 | 0.00 || 1.36755 0.09303 -2.16476 18.28354 25.33167 -13.36694
 293 |  5474 | -2.86 |  820.70 |     0 |  1383 |     0 |  149.02 |    0.00 |    0.00 |     0 | 0.00 || 0.53030 -0.24529 0.91611 3.36622 -32.67656 7.79127
 294 |  5462 | -3.86 |  950.60 |     0 |  1549 |     0 |   57.62 |    0.00 |    0.00 |     0 | 0.00 || 0.24093 0.88264 0.86704 -2.53327 -36.06137 -17.87451
 295 |  5460 | -2.93 |  691.60 |     0 |  1113 |     0 |  236.88 |    0.00 |    0.00 |     0 | 0.00 || 1.08637 -1.15905 1.93772 5.42836 -13.79133 12.94941
 296 |  5460 | -2.80 |  761.80 |     0 |  1262 |     0 |  218.01 |    0.00 |    0.00 |     0 | 0.00 || 1.33256 -1.33868 2.65878 31.07090 3.64344 24.20312
 297 |  5454 | -2.65 |  725.70 |     0 |   906 |     0 |   35.58 |    0.00 |    0.00 |     0 | 0.00 || 0.69975 -0.63603 -1.86092 -16.82158 25.71094 14.12263
 298 |  5452 | -3.24 |  776.40 |     0 |  1215 |     0 |  221.02 |    0.00 |    0.00 |     0 | 0.00 || -1.67929 -0.61133 2.68280 10.96832 -15.82034 28.15238
 299 |  5440 | -2.87 |  692.50 |     0 |  1223 |     0 |  118.15 |    0.00 |    0.00 |     0 | 0.00 || 0.06876 0.39544 0.30469 -29.65569 -20.49921 -11.46009
 300 |  5436 | -3.07 |  664.40 |     0 |  1260 |     0 |  305.68 |    0.00 |    0.00 |     0 | 0.00 || -3.03206 0.56404 1.58410 -17.92702 -18.17549 -23.61970
 301 |  5430 | -3.59 | 1334.50 |     0 |  1186 |     0 |  319.88 |    0.00 |    0.00 |     0 | 0.00 || -1.10691 -1.18838 2.14046 -12.65662 9.28881 29.88150
 302 |  5418 | -3.29 |  794.60 |     0 |  1293 |     0 |  150.34 |    0.00 |    0.00 |     0 | 0.00 || -1.41373 1.18206 -1.09254 1.03596 22.07865 -11.43117
 303 |  5404 | -3.50 |  989.60 |     0 |  1331 |     0 |  424.27 |    0.00 |    0.00 |     0 | 0.00 || -1.81639 0.02394 -1.75945 19.38160 21.10735 14.88800
 304 |  5404 | -3.17 |  877.10 |     0 |  1190 |     0 |  268.53 |    0.00 |    0.00 |     0 | 0.00 || -0.72333 -1.42320 2.74234 -21.92163 12.16716 24.96119
 305 |  5404 | -3.50 | 1026.00 |     0 |  1715 |     0 |   95.20 |    0.00 |    0.00 |     0 | 0.00 || -0.36447 -0.05950 -0.87653 -14.49620 10.72397 19.15829
 306 |  5404 | -3.71 | 1163.70 |     0 |  1398 |     0 |  262.21 |    0.00 |    0.00 |     0 | 0.00 || -2.20826 -0.80319 -1.54154 -4.31516 4.64487 20.84355
 307 |  5402 | -3.67 |  989.20 |     0 |  1466 |     0 |  245.10 |    0.00 |    0.00 |     0 | 0.00 || -1.13147 -0.63031 -1.11424 5.16164 9.74739 37.89076
 308 |  5388 | -2.70 |  674.30 |     0 |  1051 |     0 |   53.06 |    0.00 |    0.00 |     0 | 0.00 || 0.61604 -0.90713 2.58663 19.41173 15.48176 18.08061
 309 |  5382 | -3.26 |  771.80 |     0 |  1173 |     0 |  248.32 |    0.00 |    0.00 |     0 | 0.00 || -1.45630 -0.06525 -0.68729 -3.48279 22.14795 21.16724
 310 |  5370 | -2.64 |  686.80 |     0 |   874 |     0 |   87.23 |    0.00 |    0.00 |     0 | 0.00 || -1.86169 0.88117 1.31591 -38.22594 -15.59240 -8.73974
 311 |  5362 | -2.73 |  684.60 |     0 |  1444 |     0 |  161.48 |    0.00 |    0.00 |     0 | 0.00 || 1.24103 0.46664 -1.15794 -35.94438 8.81494 -29.31573
 312 |  5356 | -3.11 |  744.40 |     0 |  1101 |     0 |  185.62 |    0.00 |    0.00 |     0 | 0.00 || -1.81781 -0.33016 -0.10050 -29.12132 12.91571 19.67443
 313 |  5350 | -3.29 |  911.20 |     0 |  1102 |     0 |  240.73 |    0.00 |    0.00 |     0 | 0.00 || -2.58141 0.60114 2.86930 9.30440 -23.25252 -13.72269
 314 |  5344 | -3.45 |  978.80 |     0 |  1291 |     0 |  155.13 |    0.00 |    0.00 |     0 | 0.00 || 2.16261 -1.26609 2.98493 10.13133 -7.65001 13.42841
 315 |  5336 | -3.61 | 1001.80 |     0 |  1107 |     0 |  276.30 |    0.00 |    0.00 |     0 | 0.00 || -2.79062 1.07685 0.53048 -10.60040 14.57353 -20.80813
 316 |  5330 | -2.71 |  711.60 |     0 |  1267 |     0 |  148.79 |    0.00 |    0.00 |     0 | 0.00 || -1.72393 0.75501 -0.84824 -4.64884 34.15250 -3.94020
 317 |  5320 | -3.37 |  731.40 |     0 |  1121 |     0 |  271.53 |    0.00 |    0.00 |     0 | 0.00 || -1.93499 0.29325 -1.33446 15.38417 32.93831 6.98469
 318 |  5312 | -3.37 | 1038.80 |     0 |  1029 |     0 | -116.74 |    0.00 |    0.00 |     0 | 0.00 || 1.42312 -0.19835 1.37536 20.04631 -21.61773 -9.85025
 319 |  5284 | -2.75 |  744.90 |     0 |  1495 |     0 |  116.75 |    0.00 |    0.00 |     0 | 0.00 || -0.94047 -0.46942 -0.86481 -1.71362 10.97425 37.34406
 320 |  5278 | -3.41 |  891.40 |     0 |  1278 |     0 |  -58.70 |    0.00 |    0.00 |     0 | 0.00 || 0.78481 -0.85169 -1.74736 -13.11346 23.38226 15.49943
 321 |  5276 | -3.37 |  679.10 |     0 |  1246 |     0 |  219.50 |    0.00 |    0.00 |     0 | 0.00 || -1.82750 0.52896 -1.35950 14.58643 34.11010 1.65010
 322 |  5272 | -2.75 |  765.50 |     0 |  1015 |     0 |   42.18 |    0.00 |    0.00 |     0 | 0.00 || -2.74356 0.87686 1.67773 -27.83086 -14.57113 -23.74104
 323 |  5272 | -3.76 | 1140.80 |     0 |  1508 |     0 |   53.48 |    0.00 |    0.00 |     0 | 0.00 || 0.94586 -1.29359 1.73842 21.82693 -11.58944 21.64457
 324 |  5268 | -3.21 |  749.70 |     0 |  1155 |     0 |  123.96 |    0.00 |    0.00 |     0 | 0.00 || 2.67964 0.26199 -0.70968 -11.69413 15.10854 -32.48150
 325 |  5256 | -3.92 | 1060.10 |     0 |  1245 |     0 |  387.78 |    0.00 |    0.00 |     0 | 0.00 || -1.45062 1.31067 0.43196 -33.46663 -6.38040 -22.84607
 326 |  5256 | -2.58 |  625.00 |     0 |  1217 |     0 |   86.83 |    0.00 |    0.00 |     0 | 0.00 || -1.08405 1.02348 -1.74765 12.56179 23.09659 -6.05238
 327 |  5246 | -2.57 |  685.90 |     0 |  1234 |     0 |   86.05 |    0.00 |    0.00 |     0 | 0.00 || 0.78694 0.62105 -0.81372 -40.96500 -1.96830 -22.40518
 328 |  5240 | -2.76 |  751.20 |     0 |  1163 |     0 |  -11.15 |    0.00 |    0.00 |     0 | 0.00 || -1.81542 0.47953 0.47031 -46.84415 6.63587 2.36823
 329 |  5236 | -3.42 |  978.80 |     0 |  1316 |     0 |  269.65 |    0.00 |    0.00 |     0 | 0.00 || -2.73906 0.00501 -2.46920 24.82162 0.13951 -3.19453
 330 |  5226 | -2.60 |  701.20 |     0 |  1206 |     0 |  231.13 |    0.00 |    0.00 |     0 | 0.00 || 2.21959 -1.07740 -2.97944 35.86957 2.61196 17.50393
 331 |  5218 | -3.76 | 1068.50 |     0 |  1589 |     0 |  250.27 |    0.00 |    0.00 |     0 | 0.00 || -0.36391 -0.02377 -2.67316 15.42994 18.89144 8.74410
 332 |  5214 | -3.87 | 1128.60 |     0 |  1186 |     0 |  183.71 |    0.00 |    0.00 |     0 | 0.00 || 2.51010 -1.30635 -2.44713 32.56216 11.55595 21.36842
 333 |  5212 | -3.19 |  867.90 |     0 |  1176 |     0 |  237.21 |    0.00 |    0.00 |     0 | 0.00 || 0.35481 0.38175 -1.20375 -40.26098 16.83451 -8.07534
 334 |  5212 | -2.90 |  790.70 |     0 |  1523 |     0 |  224.04 |    0.00 |    0.00 |     0 | 0.00 || 1.65388 0.36838 -1.18449 -24.30391 13.59127 -29.89225
 335 |  5190 | -3.11 |  741.20 |     0 |  1044 |     0 |  102.57 |    0.00 |    0.00 |     0 | 0.00 || -1.09829 -0.02675 -0.22135 -35.92050 3.53874 15.52430
 336 |  5180 | -2.73 |  708.40 |     0 |  1172 |     0 |   65.72 |    0.00 |    0.00 |     0 | 0.00 || -2.98980 0.63401 -1.64318 15.80383 12.76272 -27.96696
 337 |  5164 | -3.79 | 1480.00 |     0 |  1470 |     0 |  367.55 |    0.00 |    0.00 |     0 | 0.00 || 2.71534 -1.29123 -2.89825 21.62249 -8.59879 19.24817
 338 |  5162 | -3.18 |  971.30 |     0 |  1384 |     0 |  182.32 |    0.00 |    0.00 |     0 | 0.00 || 1.00758 1.01371 0.48843 -0.19040 -23.47125 -30.31758
 339 |  5156 | -2.78 |  646.40 |     0 |   927 |     0 |   72.80 |    0.00 |    0.00 |     0 | 0.00 || 1.97470 -0.47737 -2.71240 52.27622 20.94676 -9.85054
 340 |  5136 | -3.25 |  700.10 |     0 |   843 |     0 |  -87.18 |    0.00 |    0.00 |     0 | 0.00 || -0.54614 -1.04813 3.11372 -7.23044 2.14407 20.22323
 341 |  5134 | -3.18 |  858.70 |     0 |  1162 |     0 |   64.82 |    0.00 |    0.00 |     0 | 0.00 || 1.31448 -0.88297 -2.29999 -0.69114 28.44712 6.89847
 342 |  5124 | -3.23 |  769.20 |     0 |  1028 |     0 |  262.03 |    0.00 |    0.00 |     0 | 0.00 || -2.11619 -1.16729 1.95794 -34.80869 -10.78928 28.22321
 343 |  5122 | -3.43 |  667.60 |     0 |  1080 |     0 |  182.90 |    0.00 |    0.00 |     0 | 0.00 || -1.95374 0.42202 -1.75481 28.21476 21.89584 1.75960
 344 |  5118 | -3.32 |  913.10 |     0 |  1299 |     0 |   50.02 |    0.00 |    0.00 |     0 | 0.00 || 1.26167 -0.39139 2.69242 36.94227 5.13716 -1.75912
 345 |  5112 | -3.56 |  791.60 |     0 |  1125 |     0 |   30.92 |    0.00 |    0.00 |     0 | 0.00 || -2.49210 0.38701 1.67316 -28.77203 -27.27191 -11.53588
 346 |  5102 | -3.90 | 1003.40 |     0 |  1298 |     0 |  127.63 |    0.00 |    0.00 |     0 | 0.00 || -2.10107 0.18858 1.85814 -9.73687 -37.43801 5.24678
 347 |  5102 | -3.78 |  908.60 |     0 |  1467 |     0 |   44.37 |    0.00 |    0.00 |     0 | 0.00 || -0.70161 -0.15107 1.65545 -3.88277 -13.69592 20.45951
 348 |  5098 | -2.59 |  610.10 |     0 |  1181 |     0 |  193.21 |    0.00 |    0.00 |     0 | 0.00 || 0.41249 -1.23052 1.46400 8.74873 -5.11554 19.81567
 349 |  5094 | -3.59 | 1004.10 |     0 |  1536 |     0 |  223.21 |    0.00 |    0.00 |     0 | 0.00 || 0.02702 0.84670 -2.65936 18.71170 28.22919 -12.32959
 350 |  5088 | -2.66 |  638.60 |     0 |  1047 |     0 |   26.45 |    0.00 |    0.00 |     0 | 0.00 || 1.26975 -0.98080 -0.15847 -22.34033 -15.62601 12.72812
 351 |  5074 | -3.59 | 1059.40 |     0 |  1637 |     0 |   44.79 |    0.00 |    0.00 |     0 | 0.00 || -0.54475 0.26523 -0.69348 -16.62873 11.84492 18.70517
 352 |  5064 | -3.20 |  739.70 |     0 |  1516 |     0 |   29.05 |    0.00 |    0.00 |     0 | 0.00 || 2.10325 -0.16598 1.05317 -5.74661 -22.55729 -15.07689
 353 |  5064 | -2.84 |  683.20 |     0 |  1136 |     0 |   62.61 |    0.00 |    0.00 |     0 | 0.00 || 0.60875 0.27664 2.72805 42.59914 17.38206 -5.95734
 354 |  5060 | -3.75 |  985.60 |     0 |  1500 |     0 |  290.40 |    0.00 |    0.00 |     0 | 0.00 || 1.88324 1.36864 -2.54931 -3.29065 -4.21978 -24.43254
 355 |  5052 | -2.44 |  620.10 |     0 |   881 |     0 |   88.51 |    0.00 |    0.00 |     0 | 0.00 || -1.53454 0.48662 0.00692 -43.78391 14.12096 4.73244
 356 |  5050 | -2.56 |  663.70 |     0 |   879 |     0 |   79.32 |    0.00 |    0.00 |     0 | 0.00 || -1.65019 0.51512 0.02732 -18.80981 12.89164 3.69308
 357 |  5044 | -3.26 |  767.60 |     0 |  1247 |     0 |  -64.36 |    0.00 |    0.00 |     0 | 0.00 || 2.85927 0.01585 3.02703 32.47633 -14.78928 -11.02314
 358 |  5040 | -2.88 |  716.90 |     0 |  1124 |     0 |  216.41 |    0.00 |    0.00 |     0 | 0.00 || -1.70011 -0.28902 -1.09807 9.86474 22.03137 22.25903
 359 |  5034 | -2.74 |  660.40 |     0 |  1249 |     0 |    6.53 |    0.00 |    0.00 |     0 | 0.00 || 0.73168 0.22267 2.45249 43.95840 16.36627 -1.74785
 360 |  5032 | -2.24 |  592.20 |     0 |  1108 |     0 |   55.79 |    0.00 |    0.00 |     0 | 0.00 || -2.29759 0.21773 -1.13248 0.31317 28.47527 -3.61153
 361 |  5026 | -3.16 |  750.20 |     0 |  1257 |     0 |  231.56 |    0.00 |    0.00 |     0 | 0.00 || 0.51315 -0.86280 2.28025 14.36262 0.83337 14.53420
 362 |  5026 | -3.67 | 1057.70 |     0 |  1473 |     0 |   -4.55 |    0.00 |    0.00 |     0 | 0.00 || 0.99984 -0.39305 -0.80602 -10.75538 19.06739 -2.43981
 363 |  5022 | -3.86 | 1041.20 |     0 |  1592 |     0 |  183.40 |    0.00 |    0.00 |     0 | 0.00 || -1.41039 -0.04397 -0.20494 -34.16981 8.06170 17.34993
 364 |  5022 | -2.85 |  661.60 |     0 |  1157 |     0 |    6.20 |    0.00 |    0.00 |     0 | 0.00 || 0.90670 -0.11768 0.37583 -15.35352 -31.22490 -3.50801
 365 |  5014 | -3.35 | 1004.50 |     0 |  1445 |     0 |   42.37 |    0.00 |    0.00 |     0 | 0.00 || 1.13498 -0.44345 -1.14676 -6.06802 30.00677 0.29551
 366 |  5012 | -2.69 |  596.10 |     0 |  1051 |     0 |   61.22 |    0.00 |    0.00 |     0 | 0.00 || -1.29532 0.07890 1.12589 -24.53373 -19.55093 13.20509
 367 |  5010 | -3.25 |  858.40 |     0 |  1478 |     0 |  243.64 |    0.00 |    0.00 |     0 | 0.00 || -1.68747 -0.84715 -1.32593 20.09071 9.73833 40.16520
 368 |  5004 | -3.94 | 1113.70 |     0 |  1208 |     0 |  139.05 |    0.00 |    0.00 |     0 | 0.00 || -1.99441 -1.01707 2.17976 -1.61472 -7.26830 27.38043
 369 |  5004 | -3.97 | 1005.10 |     0 |  1623 |     0 |   40.82 |    0.00 |    0.00 |     0 | 0.00 || 1.78644 -0.27883 2.68452 26.00902 -5.51841 -7.19367
 370 |  4996 | -2.76 |  645.00 |     0 |   934 |     0 |   70.83 |    0.00 |    0.00 |     0 | 0.00 || 0.96993 -0.79827 -2.84075 1.25193 29.65886 7.17595
 371 |  4988 | -2.86 |  689.60 |     0 |   942 |     0 |  118.26 |    0.00 |    0.00 |     0 | 0.00 || -1.74414 0.28773 -2.46333 28.75689 -3.75312 7.45717
 372 |  4988 | -3.26 |  628.80 |     0 |   866 |     0 |  210.27 |    0.00 |    0.00 |     0 | 0.00 || -0.23180 0.01661 0.21383 -7.41397 -14.39708 24.99594
 373 |  4980 | -2.01 |  574.60 |     0 |  1095 |     0 |  111.11 |    0.00 |    0.00 |     0 | 0.00 || 0.78421 -0.07946 0.96710 4.89895 -32.15796 -0.57430
 374 |  4958 | -3.15 |  881.70 |     0 |  1092 |     0 |  193.01 |    0.00 |    0.00 |     0 | 0.00 || 0.63435 0.27959 1.27368 9.44134 -39.38177 -21.75150
 375 |  4954 | -3.34 |  717.80 |     0 |  1199 |     0 |  220.45 |    0.00 |    0.00 |     0 | 0.00 || -1.94116 -0.21024 -1.25554 -11.60015 25.21545 17.27125
 376 |  4952 | -2.63 |  624.90 |     0 |   992 |     0 |   77.94 |    0.00 |    0.00 |     0 | 0.00 || 0.32980 -0.37524 1.17632 13.48835 -27.59748 16.30182
 377 |  4932 | -3.60 |  965.70 |     0 |  1412 |     0 |  207.17 |    0.00 |    0.00 |     0 | 0.00 || 1.48250 -0.42430 0.61243 -16.13555 -24.17678 -3.48196
 378 |  4922 | -3.82 | 1003.60 |     0 |   934 |     0 |  249.78 |    0.00 |    0.00 |     0 | 0.00 || -1.51782 0.83017 -1.05817 -4.08298 21.78234 -4.16764
 379 |  4918 | -3.34 |  875.00 |     0 |  1265 |     0 |  311.36 |    0.00 |    0.00 |     0 | 0.00 || 1.13565 0.69649 -2.22496 -4.32239 25.76680 -28.62896
 380 |  4898 | -2.86 |  580.50 |     0 |  1001 |     0 |  253.57 |    0.00 |    0.00 |     0 | 0.00 || -3.01676 0.92428 0.93116 -14.62981 7.99059 -25.70228
 381 |  4898 | -2.75 |  677.70 |     0 |  1146 |     0 |  267.56 |    0.00 |    0.00 |     0 | 0.00 || 2.12611 -0.74773 -0.49389 -42.63981 19.40669 -3.10689
 382 |  4896 | -3.76 | 1317.00 |     0 |  1501 |     0 |  364.29 |    0.00 |    0.00 |     0 | 0.00 || -0.54277 0.17671 2.37388 19.00756 -7.31868 0.38701
 383 |  4894 | -3.10 |  708.60 |     0 |   955 |     0 |  223.97 |    0.00 |    0.00 |     0 | 0.00 || 2.78783 0.77745 3.11498 21.84876 -12.95273 -23.00559
 384 |  4890 | -3.14 |  859.30 |     0 |  1355 |     0 |  267.75 |    0.00 |    0.00 |     0 | 0.00 || -2.16803 -0.23201 -1.92921 24.89133 12.92382 14.26577
 385 |  4890 | -3.86 |  733.10 |     0 |  1189 |     0 |  270.54 |    0.00 |    0.00 |     0 | 0.00 || -2.24290 1.31431 -0.27221 0.37695 22.52334 -19.44792
 386 |  4888 | -3.42 | 1010.10 |     0 |  1451 |     0 |  339.99 |    0.00 |    0.00 |     0 | 0.00 || 1.35016 -0.69295 2.50418 10.46004 -9.33462 -2.48750
 387 |  4882 | -3.26 |  961.40 |     0 |  1598 |     0 |  178.75 |    0.00 |    0.00 |     0 | 0.00 || -1.20539 0.41448 0.27870 -37.76464 -7.95128 4.69058
 388 |  4872 | -3.60 |  791.50 |     0 |  1238 |     0 |   56.36 |    0.00 |    0.00 |     0 | 0.00 || 1.75837 -0.40210 0.32465 -23.33048 -10.18857 -4.31215
 389 |  4870 | -2.70 |  671.40 |     0 |  1039 |     0 |  142.19 |    0.00 |    0.00 |     0 | 0.00 || -1.86646 0.20096 -0.43856 -28.31339 29.36021 7.37049
 390 |  4868 | -3.30 |  813.40 |     0 |   995 |     0 |  139.72 |    0.00 |    0.00 |     0 | 0.00 || 2.53796 0.70262 -0.62983 -6.07789 6.63245 -34.75704
 391 |  4852 | -2.72 |  675.10 |     0 |  1158 |     0 |    6.29 |    0.00 |    0.00 |     0 | 0.00 || 0.82829 -0.49817 -0.18326 -12.39779 1.75425 3.31164
 392 |  4848 | -2.61 |  624.20 |     0 |   929 |     0 |  -38.23 |    0.00 |    0.00 |     0 | 0.00 || 0.58800 0.02502 2.35896 45.39965 14.04424 6.50138
 393 |  4846 | -3.91 | 1113.60 |     0 |  1758 |     0 |   69.09 |    0.00 |    0.00 |     0 | 0.00 || -0.87447 0.01909 -0.71351 -11.00798 15.39857 29.10006
 394 |  4840 | -3.61 |  752.80 |     0 |  1063 |     0 |  188.75 |    0.00 |    0.00 |     0 | 0.00 || 0.14520 0.08099 0.10955 -10.72908 -18.67937 15.05092
 395 |  4834 | -3.95 |  970.20 |     0 |  1858 |     0 |  -39.09 |    0.00 |    0.00 |     0 | 0.00 || 0.95810 -0.03958 -1.72396 3.42421 30.12020 -8.50402
 396 |  4834 | -3.99 | 1097.30 |     0 |  1712 |     0 |   26.24 |    0.00 |    0.00 |     0 | 0.00 || 0.25906 -0.09278 -1.04072 -13.44886 11.13850 2.69455
 397 |  4830 | -2.99 |  778.70 |     0 |   961 |     0 |  125.71 |    0.00 |    0.00 |     0 | 0.00 || -1.61638 0.92744 0.12718 -50.84350 12.18771 -9.41629
 398 |  4826 | -3.45 |  716.80 |     0 |  1222 |     0 |  133.34 |    0.00 |    0.00 |     0 | 0.00 || 1.44083 -0.53701 -0.00890 -28.23722 -7.12841 0.99011
 399 |  4824 | -2.84 |  651.90 |     0 |  1249 |     0 |   29.87 |    0.00 |    0.00 |     0 | 0.00 || 3.05008 -0.02268 -2.89319 35.71377 -8.99792 -11.26240
 400 |  4820 | -2.75 |  664.10 |     0 |  1392 |     0 |  205.36 |    0.00 |    0.00 |     0 | 0.00 || 2.40105 0.83724 -2.88651 15.10417 -4.50624 -28.42815
 401 |  4820 | -3.12 |  624.20 |     0 |  1324 |     0 |   23.29 |    0.00 |    0.00 |     0 | 0.00 || -1.66046 -0.04036 0.45366 -38.01304 0.59471 16.36899
 402 |  4818 | -2.77 |  738.70 |     0 |  1294 |     0 |  210.22 |    0.00 |    0.00 |     0 | 0.00 || 1.53905 0.52692 -1.43520 -25.38791 12.63816 -34.00508
 403 |  4804 | -3.87 |  835.20 |     0 |  1560 |     0 |  234.90 |    0.00 |    0.00 |     0 | 0.00 || -2.32495 -0.23100 -2.21259 15.57380 8.23841 10.75299
 404 |  4796 | -3.47 | 1004.60 |     0 |  1160 |     0 |  336.51 |    0.00 |    0.00 |     0 | 0.00 || -1.06624 1.22007 0.14411 -32.29519 -3.15058 -15.25511
 405 |  4794 | -2.83 |  651.60 |     0 |  1013 |     0 |   98.79 |    0.00 |    0.00 |     0 | 0.00 || -0.80816 0.12452 1.85410 -4.31510 -17.86418 19.10117
 406 |  4792 | -2.24 |  571.40 |     0 |  1222 |     0 |   12.85 |    0.00 |    0.00 |     0 | 0.00 || 3.06878 -1.06464 -2.22410 15.20054 9.42602 10.70763
 407 |  4790 | -3.60 | 1261.70 |     0 |  1596 |     0 | -144.13 |    0.00 |    0.00 |     0 | 0.00 || 2.84785 -1.04995 0.07881 -19.13660 7.86912 4.24450
 408 |  4786 | -2.80 |  683.80 |     0 |   950 |     0 |   18.48 |    0.00 |    0.00 |     0 | 0.00 || 3.13579 -0.50126 3.00938 34.12008 -19.55043 3.34214
 409 |  4768 | -2.91 |  632.50 |     0 |  1113 |     0 |  -33.70 |    0.00 |    0.00 |     0 | 0.00 || -0.38389 -1.40596 -2.30191 -10.22085 -3.34475 25.46676
 410 |  4758 | -2.37 |  559.90 |     0 |   982 |     0 |  162.42 |    0.00 |    0.00 |     0 | 0.00 || -3.04685 -0.37677 -0.29720 -30.97196 30.10959 -5.56058
 411 |  4752 | -3.68 | 1014.80 |     0 |  1285 |     0 |   98.13 |    0.00 |    0.00 |     0 | 0.00 || 2.45605 -0.38158 0.10768 -26.95623 -0.05387 -14.28753
 412 |  4748 | -2.83 |  605.50 |     0 |   798 |     0 |  157.86 |    0.00 |    0.00 |     0 | 0.00 || -0.06942 -0.17917 0.17014 -24.70343 -16.65011 15.59411
 413 |  4744 | -3.37 |  781.40 |     0 |  1107 |     0 |  115.38 |    0.00 |    0.00 |     0 | 0.00 || 1.69530 -0.54775 -0.14243 -23.35154 1.24923 -0.69584
 414 |  4742 | -3.20 |  892.20 |     0 |  1100 |     0 |  256.35 |    0.00 |    0.00 |     0 | 0.00 || -1.17328 -0.45499 -3.08658 17.95373 -0.90102 26.09425
 415 |  4740 | -3.67 | 1054.70 |     0 |  1611 |     0 |  197.53 |    0.00 |    0.00 |     0 | 0.00 || 2.35826 -0.88520 2.44233 15.68067 -17.37820 11.27314
 416 |  4732 | -2.79 |  628.60 |     0 |  1332 |     0 |   33.83 |    0.00 |    0.00 |     0 | 0.00 || -0.15435 0.11976 0.50014 -26.10144 -22.95293 -0.44501
 417 |  4730 | -2.76 |  608.60 |     0 |   968 |     0 |   76.98 |    0.00 |    0.00 |     0 | 0.00 || 2.52241 -0.76817 1.32992 -10.26343 -30.50169 4.98583
 418 |  4728 | -2.98 |  634.50 |     0 |  1161 |     0 |  125.34 |    0.00 |    0.00 |     0 | 0.00 || 0.67864 0.79076 3.00512 26.36607 18.06454 -21.17122
 419 |  4728 | -3.69 |  682.50 |     0 |  1236 |     0 |  156.57 |    0.00 |    0.00 |     0 | 0.00 || -1.00582 0.21921 -0.20959 -38.52016 3.16723 9.03691
 420 |  4724 | -3.57 |  809.30 |     0 |  1108 |     0 |  139.82 |    0.00 |    0.00 |     0 | 0.00 || -2.51797 -0.33604 1.75226 -9.74366 -29.01420 13.29303
 421 |  4722 | -3.70 |  881.00 |     0 |  1036 |     0 |  257.38 |    0.00 |    0.00 |     0 | 0.00 || -1.76967 0.78941 -0.19841 -20.93661 18.08729 -6.22772
 422 |  4722 | -3.01 |  691.50 |     0 |  1042 |     0 |  127.81 |    0.00 |    0.00 |     0 | 0.00 || -1.68910 1.29309 1.13803 -33.74269 -11.80857 -17.45383
 423 |  4720 | -3.84 | 1056.70 |     0 |  1093 |     0 |  292.13 |    0.00 |    0.00 |     0 | 0.00 || -1.45732 -0.03530 -1.09048 -0.38043 21.72565 19.18065
 424 |  4710 | -3.65 | 1208.90 |     0 |  1401 |     0 |   44.10 |    0.00 |    0.00 |     0 | 0.00 || -0.57715 -0.39350 2.50584 16.69863 -0.10605 31.38081
 425 |  4710 | -3.43 |  826.80 |     0 |  1385 |     0 |    1.49 |    0.00 |    0.00 |     0 | 0.00 || 1.06132 -1.14792 -0.79919 -23.92908 0.26357 18.87759
 426 |  4694 | -2.60 |  574.70 |     0 |  1125 |     0 |  131.76 |    0.00 |    0.00 |     0 | 0.00 || 0.70574 -0.97038 3.06235 2.31038 22.55620 13.06974
 427 |  4688 | -2.59 |  571.30 |     0 |   941 |     0 |  108.78 |    0.00 |    0.00 |     0 | 0.00 || -1.96357 -0.25312 2.37532 2.41454 -30.37097 15.45984
 428 |  4682 | -2.62 |  616.20 |     0 |   896 |     0 |   71.72 |    0.00 |    0.00 |     0 | 0.00 || -2.20034 1.04631 1.94240 -25.92113 -20.08146 -16.36468
 429 |  4662 | -3.48 |  654.30 |     0 |   844 |     0 |  173.52 |    0.00 |    0.00 |     0 | 0.00 || 3.08466 0.22976 -0.69179 -22.42808 33.32327 -11.02763
 430 |  4660 | -3.56 |  897.30 |     0 |  1027 |     0 |  -75.29 |    0.00 |    0.00 |     0 | 0.00 || 1.76895 0.49182 0.88921 6.25406 -16.69978 -32.52409
 431 |  4652 | -2.30 |  527.30 |     0 |   959 |     0 |  112.46 |    0.00 |    0.00 |     0 | 0.00 || -2.41666 0.62420 1.05139 -22.46965 -2.75880 -11.01057
 432 |  4650 | -3.88 |  918.90 |     0 |  1589 |     0 |  226.13 |    0.00 |    0.00 |     0 | 0.00 || -2.21991 0.35297 -2.72174 16.42139 -3.22710 -1.25563
 433 |  4650 | -2.98 |  646.80 |     0 |  1051 |     0 |   75.93 |    0.00 |    0.00 |     0 | 0.00 || 0.65740 -0.91985 -3.11509 0.55156 21.60657 12.20798
 434 |  4626 | -2.85 |  572.90 |     0 |   969 |     0 |  136.84 |    0.00 |    0.00 |     0 | 0.00 || -0.76207 -0.56036 0.06043 4.13766 -1.31578 42.93250
 435 |  4622 | -2.47 |  515.30 |     0 |   932 |     0 |   67.45 |    0.00 |    0.00 |     0 | 0.00 || -2.79637 0.69024 1.45929 -33.46511 -10.94323 -24.58165
 436 |  4620 | -3.53 |  756.30 |     0 |  1389 |     0 |  173.41 |    0.00 |    0.00 |     0 | 0.00 || -1.13046 -0.82415 1.50597 -12.64742 1.33348 29.29679
 437 |  4608 | -2.73 |  536.40 |     0 |   999 |     0 |    1.98 |    0.00 |    0.00 |     0 | 0.00 || -2.19541 0.31904 2.26759 -6.72864 -40.87045 -3.50518
 438 |  4604 | -3.46 |  713.90 |     0 |  1066 |     0 |  258.39 |    0.00 |    0.00 |     0 | 0.00 || -1.89108 -0.80092 -1.41519 17.66948 10.84490 28.12613
 439 |  4582 | -3.28 |  698.30 |     0 |   857 |     0 |  118.39 |    0.00 |    0.00 |     0 | 0.00 || 0.31414 -0.54694 2.92938 37.82701 29.03280 22.19538
 440 |  4576 | -3.51 |  967.30 |     0 |  1184 |     0 |  189.44 |    0.00 |    0.00 |     0 | 0.00 || -0.91055 -1.02307 -1.24220 2.57504 0.05551 34.00866
 441 |  4566 | -2.97 |  709.90 |     0 |   956 |     0 |  276.43 |    0.00 |    0.00 |     0 | 0.00 || -1.67908 -0.48136 2.59765 17.36500 -15.09968 28.47396
 442 |  4562 | -2.20 |  515.10 |     0 |   684 |     0 |  118.74 |    0.00 |    0.00 |     0 | 0.00 || -2.29104 -0.75130 0.71407 -40.61226 16.28330 16.04731
 443 |  4558 | -3.37 |  720.60 |     0 |  1322 |     0 |   81.66 |    0.00 |    0.00 |     0 | 0.00 || 0.65426 -0.16247 -2.55363 21.21942 37.35390 2.15621
 444 |  4556 | -2.76 |  611.40 |     0 |   681 |     0 |  206.50 |    0.00 |    0.00 |     0 | 0.00 || -1.81036 0.37811 -0.60308 -5.24130 28.72936 5.50644
 445 |  4550 | -3.26 |  764.30 |     0 |  1102 |     0 |   60.86 |    0.00 |    0.00 |     0 | 0.00 || 1.61864 -0.41660 -1.42323 -22.87389 28.70601 -10.51727
 446 |  4548 | -2.58 |  577.60 |     0 |   735 |     0 |  110.50 |    0.00 |    0.00 |     0 | 0.00 || 1.39293 0.35256 -1.68540 -33.35324 20.11643 -32.56220
 447 |  4548 | -3.94 | 1138.30 |     0 |  1400 |     0 |  239.40 |    0.00 |    0.00 |     0 | 0.00 || -2.20162 0.29577 -3.06152 23.79460 -24.35888 -0.41585
 448 |  4524 | -2.95 |  627.70 |     0 |  1003 |     0 |   57.16 |    0.00 |    0.00 |     0 | 0.00 || -1.02319 -0.08600 -1.03327 -3.21039 24.46201 34.32920
 449 |  4524 | -3.64 | 1101.40 |     0 |  1651 |     0 |  145.05 |    0.00 |    0.00 |     0 | 0.00 || 2.82658 -0.33080 1.21912 -10.58852 -4.80040 4.11945
 450 |  4516 | -3.13 |  674.10 |     0 |  1104 |     0 |  -56.53 |    0.00 |    0.00 |     0 | 0.00 || 0.67555 -0.59238 -2.24605 -0.07082 25.67200 11.47654
 451 |  4512 | -3.10 |  914.30 |     0 |  1380 |     0 |   11.70 |    0.00 |    0.00 |     0 | 0.00 || -0.31031 0.41508 -0.90893 -15.01884 14.17188 11.61018
 452 |  4502 | -3.47 |  835.40 |     0 |  1101 |     0 |  177.78 |    0.00 |    0.00 |     0 | 0.00 || 2.84823 -0.00262 -0.34404 -27.55887 25.18220 -24.61293
 453 |  4500 | -3.21 |  804.80 |     0 |  1251 |     0 |  164.47 |    0.00 |    0.00 |     0 | 0.00 || -2.72276 -0.70854 -2.46584 35.69062 1.85431 28.47631
 454 |  4498 | -3.37 |  915.00 |     0 |  1117 |     0 |   86.04 |    0.00 |    0.00 |     0 | 0.00 || -1.18072 0.55566 -2.39751 33.49953 17.67912 9.34628
 455 |  4484 | -3.31 |  644.00 |     0 |  1547 |     0 |   42.54 |    0.00 |    0.00 |     0 | 0.00 || 0.92938 -0.59772 1.41132 24.72317 -15.05159 9.62925
 456 |  4476 | -2.29 |  499.00 |     0 |   710 |     0 |  111.03 |    0.00 |    0.00 |     0 | 0.00 || -2.52318 0.54137 2.03800 -15.27390 -27.14833 -14.16825
 457 |  4476 | -1.93 |  476.60 |     0 |   717 |     0 |   15.93 |    0.00 |    0.00 |     0 | 0.00 || -1.81872 0.80756 2.29392 -11.68313 -29.44430 -7.56491
 458 |  4460 | -2.12 |  500.50 |     0 |   816 |     0 |  -36.90 |    0.00 |    0.00 |     0 | 0.00 || 0.29327 -0.09096 2.72730 42.90747 25.96753 17.04094
 459 |  4456 | -3.73 |  849.60 |     0 |  1179 |     0 |  -10.72 |    0.00 |    0.00 |     0 | 0.00 || -2.36774 0.29800 1.96984 -17.35329 -30.75317 -5.86796
 460 |  4456 | -3.51 |  760.20 |     0 |   944 |     0 |  108.38 |    0.00 |    0.00 |     0 | 0.00 || -0.92646 -0.50754 1.80415 -11.33743 -1.80161 26.31819
 461 |  4454 | -3.45 |  928.60 |     0 |  1042 |     0 |  203.28 |    0.00 |    0.00 |     0 | 0.00 || 0.01304 0.63814 0.35517 -23.49769 -20.14411 -16.03443
 462 |  4448 | -3.48 |  688.30 |     0 |  1155 |     0 |   57.40 |    0.00 |    0.00 |     0 | 0.00 || 3.11710 -0.31251 -2.46951 41.78925 3.70370 -3.79903
 463 |  4428 | -3.37 |  630.60 |     0 |   923 |     0 |   43.91 |    0.00 |    0.00 |     0 | 0.00 || 0.88420 -1.15098 -0.83975 -28.13192 -4.84817 21.71612
 464 |  4426 | -3.64 | 1024.70 |     0 |   805 |     0 |  195.06 |    0.00 |    0.00 |     0 | 0.00 || -2.35432 0.54011 0.45169 -37.45439 -0.34253 -9.34919
 465 |  4424 | -3.36 |  672.00 |     0 |   929 |     0 |  206.48 |    0.00 |    0.00 |     0 | 0.00 || 0.26796 -0.62819 0.55673 -20.94772 -21.76115 9.53573
 466 |  4410 | -3.76 |  912.30 |     0 |  1474 |     0 |  106.91 |    0.00 |    0.00 |     0 | 0.00 || -2.75271 0.25608 1.07801 -22.67354 -14.96665 -5.17548
 467 |  4404 | -3.59 |  672.10 |     0 |  1294 |     0 |  193.44 |    0.00 |    0.00 |     0 | 0.00 || 1.84994 -0.25099 -0.71962 -34.11060 19.24329 -14.99333
 468 |  4388 | -2.45 |  543.90 |     0 |   864 |     0 |  -26.95 |    0.00 |    0.00 |     0 | 0.00 || -1.67754 0.33106 0.86059 -43.09031 -5.85805 7.83434
 469 |  4384 | -3.14 |  579.70 |     0 |   933 |     0 |  212.15 |    0.00 |    0.00 |     0 | 0.00 || 2.92019 1.31555 2.60019 -28.69880 -5.33368 -27.76332
 470 |  4376 | -3.28 | 1152.30 |     0 |   498 |     0 |  233.07 |    0.00 |    0.00 |     0 | 0.00 || -2.28333 -0.03039 1.74884 -15.86305 -31.91322 7.93061
 471 |  4374 | -2.68 |  641.40 |     0 |  1092 |     0 |   75.14 |    0.00 |    0.00 |     0 | 0.00 || 1.33343 -0.67303 -2.40739 -2.60961 33.12755 -0.83539
 472 |  4368 | -3.41 |  911.20 |     0 |   987 |     0 |  -34.05 |    0.00 |    0.00 |     0 | 0.00 || 0.98600 -0.01028 2.24204 38.37543 5.11913 -4.04479
 473 |  4364 | -3.89 | 1059.40 |     0 |  1068 |     0 |   99.56 |    0.00 |    0.00 |     0 | 0.00 || -2.67655 -0.98715 1.61060 -10.04482 -11.11669 20.14929
 474 |  4362 | -2.97 |  606.60 |     0 |   894 |     0 |  149.11 |    0.00 |    0.00 |     0 | 0.00 || -2.84168 0.10874 -2.18252 26.04889 5.50996 -13.92431
 475 |  4356 | -2.59 |  561.60 |     0 |  1041 |     0 |   55.66 |    0.00 |    0.00 |     0 | 0.00 || -1.81349 -0.09403 0.44694 -40.28741 2.02545 17.03209
 476 |  4324 | -2.95 |  719.80 |     0 |   773 |     0 |  -36.81 |    0.00 |    0.00 |     0 | 0.00 || 1.84293 -0.87534 -2.82794 57.02567 21.69880 5.98036
 477 |  4306 | -2.96 |  577.20 |     0 |  1219 |     0 |  210.76 |    0.00 |    0.00 |     0 | 0.00 || -0.14467 -0.99655 0.68231 -2.37268 -12.95923 26.00949
 478 |  4268 | -3.92 | 1041.90 |     0 |  1628 |     0 |   -6.07 |    0.00 |    0.00 |     0 | 0.00 || 2.78026 0.28166 3.09583 28.55719 -12.24530 -13.98385
 479 |  4258 | -3.82 | 1147.30 |     0 |  1571 |     0 |  142.20 |    0.00 |    0.00 |     0 | 0.00 || -1.37314 -0.71345 0.29921 -12.64310 -1.85811 21.14342
 480 |  4256 | -2.94 |  617.80 |     0 |   807 |     0 |  153.37 |    0.00 |    0.00 |     0 | 0.00 || -0.92114 0.53051 -0.40053 -39.14481 13.41786 6.42685
 481 |  4252 | -3.32 |  632.80 |     0 |  1120 |     0 |   10.95 |    0.00 |    0.00 |     0 | 0.00 || -0.60842 0.08301 -0.95702 -12.66675 19.76261 24.68021
 482 |  4248 | -2.21 |  513.10 |     0 |  1121 |     0 |   -6.05 |    0.00 |    0.00 |     0 | 0.00 || -1.92148 -1.28582 -1.18556 6.35784 2.94046 22.75160
 483 |  4244 | -3.43 |  681.90 |     0 |   872 |     0 |  138.70 |    0.00 |    0.00 |     0 | 0.00 || -2.23516 -1.15135 -1.31329 26.90300 11.02167 27.90551
 484 |  4242 | -2.27 |  497.60 |     0 |   797 |     0 |   96.46 |    0.00 |    0.00 |     0 | 0.00 || -1.72781 0.55477 -1.82068 22.29681 20.40729 -0.24936
 485 |  4234 | -2.71 |  547.30 |     0 |  1031 |     0 |   50.17 |    0.00 |    0.00 |     0 | 0.00 || 1.70074 0.56059 -2.25879 -11.39600 15.00380 -31.29307
 486 |  4230 | -2.55 |  492.90 |     0 |   935 |     0 |  144.49 |    0.00 |    0.00 |     0 | 0.00 || 1.39076 0.49964 2.12475 32.21949 0.40744 -24.09730
 487 |  4224 | -3.41 |  734.90 |     0 |   979 |     0 |  -43.63 |    0.00 |    0.00 |     0 | 0.00 || 0.98843 0.34517 2.06428 38.05538 7.81222 -7.52846
 488 |  4224 | -3.57 |  643.20 |     0 |   918 |     0 |   43.33 |    0.00 |    0.00 |     0 | 0.00 || 1.34546 -0.41741 -2.09292 21.56073 38.41578 0.37947
 489 |  4218 | -3.69 |  918.00 |     0 |  1093 |     0 |  -29.94 |    0.00 |    0.00 |     0 | 0.00 || 2.89028 0.38677 1.59663 -12.00005 -1.03804 6.10110
 490 |  4214 | -2.48 |  484.20 |     0 |   765 |     0 |  100.52 |    0.00 |    0.00 |     0 | 0.00 || 0.04872 0.06104 -0.09890 -35.18690 -13.39109 8.40996
 491 |  4208 | -3.26 |  613.60 |     0 |  1175 |     0 |  234.08 |    0.00 |    0.00 |     0 | 0.00 || 0.34252 -0.82708 1.06953 -5.30539 -21.84272 14.34530
 492 |  4208 | -2.59 |  520.60 |     0 |   874 |     0 |  166.22 |    0.00 |    0.00 |     0 | 0.00 || -1.83961 0.74711 2.18738 0.99119 -27.38674 -10.75574
 493 |  4206 | -3.49 |  700.40 |     0 |   940 |     0 |  258.24 |    0.00 |    0.00 |     0 | 0.00 || 3.11973 1.24344 2.23603 -26.74906 -7.91521 -30.97577
 494 |  4192 | -2.95 |  554.10 |     0 |  1007 |     0 |  124.68 |    0.00 |    0.00 |     0 | 0.00 || -2.70830 -0.13731 1.20621 -21.91808 -19.39387 3.83920
 495 |  4182 | -3.19 |  806.00 |     0 |   959 |     0 |  191.93 |    0.00 |    0.00 |     0 | 0.00 || -2.01911 0.63531 0.51253 -25.17308 8.60120 -3.51718
 496 |  4182 | -3.94 |  931.70 |     0 |  1239 |     0 |  136.39 |    0.00 |    0.00 |     0 | 0.00 || 2.82621 -1.15859 -1.01115 -7.43562 23.93072 12.24308
 497 |  4180 | -3.93 | 1004.00 |     0 |  1294 |     0 |  236.34 |    0.00 |    0.00 |     0 | 0.00 || 0.11128 0.52954 2.53948 15.83027 -0.77704 -19.01725
 498 |  4176 | -3.47 |  831.50 |     0 |  1014 |     0 |   48.09 |    0.00 |    0.00 |     0 | 0.00 || 2.83069 0.22287 -2.97406 33.27316 -9.99466 -18.31060
 499 |  4166 | -3.00 |  520.30 |     0 |   829 |     0 |   35.70 |    0.00 |    0.00 |     0 | 0.00 || 2.22471 -1.41069 0.75661 -10.60299 -19.89901 17.17961
 500 |  4158 | -3.20 |  657.20 |     0 |   960 |     0 |  260.97 |    0.00 |    0.00 |     0 | 0.00 || -0.17829 0.12059 -2.11162 8.61797 29.74286 4.26208
 501 |  4126 | -1.94 |  464.40 |     0 |   800 |     0 |   64.33 |    0.00 |    0.00 |     0 | 0.00 || 1.03186 0.69809 -1.28052 -39.40150 7.04456 -28.29874
 502 |  4126 | -3.57 |  766.00 |     0 |   940 |     0 |  159.12 |    0.00 |    0.00 |     0 | 0.00 || -1.21014 0.00720 0.15549 -30.74446 -7.03507 10.85701
 503 |  4086 | -3.34 |  636.90 |     0 |   879 |     0 |   60.69 |    0.00 |    0.00 |     0 | 0.00 || 0.61955 -0.52501 -3.11859 28.93972 30.08755 15.21827
 504 |  4084 | -3.43 |  830.00 |     0 |  1350 |     0 |  320.29 |    0.00 |    0.00 |     0 | 0.00 || 1.63221 0.97252 -2.42332 -1.09964 7.56856 -33.11493
 505 |  4082 | -3.71 | 1042.40 |     0 |  1247 |     0 |  170.62 |    0.00 |    0.00 |     0 | 0.00 || -0.15824 -0.02784 2.12718 29.45931 -10.79987 18.56970
 506 |  4078 | -2.86 |  757.60 |     0 |  1150 |     0 |   68.83 |    0.00 |    0.00 |     0 | 0.00 || 1.33386 -0.57804 -0.87629 -40.85938 12.29001 -2.88618
 507 |  4064 | -2.46 |  490.90 |     0 |   799 |     0 |   38.24 |    0.00 |    0.00 |     0 | 0.00 || -1.72026 0.66322 1.24219 -39.37040 -16.40212 -1.64508
 508 |  4062 | -2.76 |  559.80 |     0 |   966 |     0 |  143.47 |    0.00 |    0.00 |     0 | 0.00 || 1.79765 -0.71968 -1.08029 -31.53111 23.27316 -3.83858
 509 |  4046 | -3.61 |  752.70 |     0 |  1279 |     0 |   21.61 |    0.00 |    0.00 |     0 | 0.00 || 1.09990 0.27556 2.25171 38.81198 7.17120 -11.81901
 510 |  4044 | -3.80 | 1150.70 |     0 |   287 |     0 |   13.45 |    0.00 |    0.00 |     0 | 0.00 || -1.43873 0.80061 -1.77335 12.52641 23.95718 -3.52646
 511 |  4038 | -2.80 |  509.00 |     0 |  1255 |     0 |  122.52 |    0.00 |    0.00 |     0 | 0.00 || 0.42798 0.88809 -0.31674 -34.00505 -11.51874 -23.71782
 512 |  4026 | -2.01 |  437.30 |     0 |   737 |     0 |   98.08 |    0.00 |    0.00 |     0 | 0.00 || 1.12426 0.61317 -1.85117 -24.56513 20.93760 -26.90680
 513 |  4014 | -2.82 |  529.40 |     0 |   751 |     0 |   45.21 |    0.00 |    0.00 |     0 | 0.00 || 2.41243 -1.35036 0.39703 -30.12735 -14.40713 8.13419
 514 |  3994 | -3.01 |  590.80 |     0 |   854 |     0 |  103.21 |    0.00 |    0.00 |     0 | 0.00 || -0.48219 -0.58994 0.08763 -15.62669 -8.35287 26.95480
 515 |  3978 | -3.04 |  521.20 |     0 |   832 |     0 |  220.66 |    0.00 |    0.00 |     0 | 0.00 || -1.68368 0.28874 -0.42297 -11.55377 27.29411 9.80943
 516 |  3960 | -2.91 |  545.50 |     0 |  1043 |     0 |  178.81 |    0.00 |    0.00 |     0 | 0.00 || -2.68765 0.94048 -2.74963 10.90538 -18.71197 -26.10753
 517 |  3956 | -3.41 |  755.70 |     0 |  1063 |     0 |  113.94 |    0.00 |    0.00 |     0 | 0.00 || 1.26934 -0.85761 0.55378 -7.41242 -6.13231 7.76346
 518 |  3932 | -3.58 | 1077.30 |     0 |  1025 |     0 |   58.70 |    0.00 |    0.00 |     0 | 0.00 || 1.22893 -0.86518 0.06057 -23.99203 -19.08295 10.86763
 519 |  3928 | -3.11 |  601.60 |     0 |  1079 |     0 |  159.00 |    0.00 |    0.00 |     0 | 0.00 || -2.44638 0.69328 1.43417 -33.77005 -20.58911 -17.32297
 520 |  3920 | -2.15 |  421.00 |     0 |   848 |     0 |  177.54 |    0.00 |    0.00 |     0 | 0.00 || -2.70320 0.25624 -2.53645 21.11240 -6.03933 -13.54627
 521 |  3906 | -2.60 |  478.70 |     0 |   663 |     0 |  113.94 |    0.00 |    0.00 |     0 | 0.00 || 2.32285 0.22152 -2.85542 5.10527 4.72303 -27.63417
 522 |  3896 | -3.59 |  640.30 |     0 |  1280 |     0 |   -4.38 |    0.00 |    0.00 |     0 | 0.00 || 2.23133 -0.57047 0.88878 -13.35234 -20.95014 -2.83924
 523 |  3892 | -3.67 | 1018.70 |     0 |  1198 |     0 |  -40.66 |    0.00 |    0.00 |     0 | 0.00 || 1.24079 -0.20664 2.45147 35.70168 4.11422 -5.58448
 524 |  3880 | -3.69 | 1007.10 |     0 |   607 |     0 |   43.70 |    0.00 |    0.00 |     0 | 0.00 || 2.21842 0.06835 1.04364 -9.47950 -15.68033 -17.26588
 525 |  3844 | -3.48 |  793.10 |     0 |  1070 |     0 |  292.63 |    0.00 |    0.00 |     0 | 0.00 || 1.66190 0.12374 -0.00432 -34.03311 -1.44239 -23.11745
 526 |  3834 | -3.49 |  768.40 |     0 |  1079 |     0 |  -49.67 |    0.00 |    0.00 |     0 | 0.00 || 1.21336 0.02752 0.18947 -18.02023 -23.94521 -12.58746
 527 |  3818 | -3.71 |  792.50 |     0 |  1097 |     0 |  160.84 |    0.00 |    0.00 |     0 | 0.00 || -0.01023 0.15154 2.49553 21.35408 -6.23949 -10.22672
 528 |  3816 | -3.93 |  859.70 |     0 |  1434 |     0 |  262.65 |    0.00 |    0.00 |     0 | 0.00 || -2.36388 0.59389 2.82631 7.97779 -22.11536 -9.41256
 529 |  3812 | -3.71 |  863.30 |     0 |  1314 |     0 |   77.62 |    0.00 |    0.00 |     0 | 0.00 || 1.68916 -0.52705 2.18012 22.68082 -11.82652 -1.28435
 530 |  3808 | -3.08 |  569.40 |     0 |   909 |     0 |   66.81 |    0.00 |    0.00 |     0 | 0.00 || 2.97603 -0.29139 -3.01817 39.79797 -11.84396 -7.58621
 531 |  3806 | -2.99 |  671.70 |     0 |  1040 |     0 |   51.44 |    0.00 |    0.00 |     0 | 0.00 || 1.06755 0.40191 2.82861 35.15546 13.72147 -19.95848
 532 |  3796 | -3.28 |  566.50 |     0 |  1122 |     0 |  134.96 |    0.00 |    0.00 |     0 | 0.00 || 1.81487 0.37316 -1.45654 -21.38806 15.02753 -30.90372
 533 |  3738 | -2.80 |  539.70 |     0 |  1272 |     0 |  102.65 |    0.00 |    0.00 |     0 | 0.00 || -1.05309 -0.39981 1.32262 -17.28257 -8.48401 28.14411
 534 |  3712 | -3.73 |  589.60 |     0 |   920 |     0 |   68.14 |    0.00 |    0.00 |     0 | 0.00 || -2.21194 0.02590 -1.23406 1.55258 29.13762 3.19204
 535 |  3706 | -3.86 |  877.40 |     0 |  1245 |     0 |  305.99 |    0.00 |    0.00 |     0 | 0.00 || -2.87899 -0.33671 -0.02730 -36.54733 24.72514 1.90458
 536 |  3698 | -2.45 |  452.70 |     0 |   603 |     0 |   46.69 |    0.00 |    0.00 |     0 | 0.00 || -2.92387 0.73798 -2.02122 15.88488 0.77747 -27.89899
 537 |  3688 | -3.91 |  871.40 |     0 |  1250 |     0 |  118.89 |    0.00 |    0.00 |     0 | 0.00 || 1.28388 1.17938 -1.84720 -9.68340 2.71408 -22.14686
 538 |  3686 | -2.68 |  489.90 |     0 |   835 |     0 |  -14.77 |    0.00 |    0.00 |     0 | 0.00 || 0.32958 -0.53610 2.72115 40.93631 26.84867 23.61613
 539 |  3680 | -3.74 |  773.60 |     0 |   913 |     0 |   98.35 |    0.00 |    0.00 |     0 | 0.00 || 1.31040 -0.76296 -1.04957 -24.50764 17.10355 6.96895
 540 |  3634 | -2.25 |  410.50 |     0 |  1098 |     0 |   44.18 |    0.00 |    0.00 |     0 | 0.00 || 1.77574 1.13897 -1.89503 -21.31504 -3.20479 -33.56442
 541 |  3628 | -3.15 |  701.30 |     0 |   975 |     0 |  159.75 |    0.00 |    0.00 |     0 | 0.00 || 1.68643 -0.71597 0.12231 -39.04590 -22.41835 -7.58861
 542 |  3614 | -3.63 |  889.20 |     0 |   999 |     0 |  169.88 |    0.00 |    0.00 |     0 | 0.00 || -2.53688 -0.16191 -1.72151 34.45323 20.58335 5.65305
 543 |  3582 | -3.46 |  681.40 |     0 |   733 |     0 |   92.30 |    0.00 |    0.00 |     0 | 0.00 || 1.29952 -1.07993 -0.73255 -18.42087 6.35931 14.92235
 544 |  3572 | -3.42 |  695.40 |     0 |  1364 |     0 |  288.00 |    0.00 |    0.00 |     0 | 0.00 || 0.36788 -0.91183 1.40465 5.37519 -14.41983 16.17777
 545 |  3566 | -3.89 |  616.40 |     0 |   840 |     0 |  -72.71 |    0.00 |    0.00 |     0 | 0.00 || -0.86803 0.52103 -1.02490 -10.47374 32.96547 19.98609
 546 |  3564 | -3.08 |  840.70 |     0 |  1141 |     0 |  293.48 |    0.00 |    0.00 |     0 | 0.00 || -2.13842 0.40754 -2.91747 30.61184 -20.83307 -1.98083
